thread1 running
thread1 exiting
thread2 running
thread2 exiting
thread3 running
3 0
3 10
3 20
3 30
3 40
3 50
3 60
3 70
3 80
3 90
3 100
3 110
3 120
3 130
3 140
3 150
3 160
3 170
3 180
3 190
3 200
3 210
3 220
3 230
3 240
3 250
3 260
3 270
3 280
3 290
3 300
3 310
3 320
3 330
3 340
3 350
3 360
3 370
3 380
3 390
3 400
3 410
3 420
3 430
3 440
3 450
3 460
3 470
3 480
3 490
3 500
3 510
3 520
3 530
3 540
3 550
3 560
3 570
3 580
3 590
3 600
3 610
3 620
3 630
3 640
3 650
3 660
3 670
3 680
3 690
3 700
3 710
3 720
3 730
3 740
3 750
3 760
3 770
3 780
3 790
3 800
3 810
3 820
3 830
3 840
3 850
3 860
3 870
3 880
3 890
3 900
3 910
3 920
3 930
3 940
3 950
3 960
3 970
3 980
3 990
3 1000
3 1010
3 1020
3 1030
3 1040
3 1050
3 1060
3 1070
3 1080
3 1090
3 1100
3 1110
3 1120
3 1130
3 1140
3 1150
3 1160
3 1170
3 1180
3 1190
3 1200
3 1210
3 1220
3 1230
3 1240
3 1250
3 1260
3 1270
3 1280
3 1290
3 1300
3 1310
3 1320
3 1330
3 1340
3 1350
3 1360
3 1370
3 1380
3 1390
3 1400
3 1410
3 1420
3 1430
3 1440
3 1450
3 1460
3 1470
3 1480
3 1490
3 1500
3 1510
3 1520
3 1530
3 1540
3 1550
3 1560
3 1570
3 1580
3 1590
3 1600
3 1610
3 1620
3 1630
3 1640
3 1650
3 1660
3 1670
3 1680
3 1690
3 1700
3 1710
3 1720
3 1730
3 1740
3 1750
3 1760
3 1770
3 1780
3 1790
3 1800
3 1810
3 1820
3 1830
3 1840
3 1850
3 1860
3 1870
3 1880
3 1890
3 1900
3 1910
3 1920
3 1930
3 1940
3 1950
3 1960
3 1970
3 1980
3 1990
3 2000
3 2010
3 2020
3 2030
3 2040
3 2050
3 2060
3 2070
3 2080
3 2090
3 2100
3 2110
3 2120
3 2130
3 2140
3 2150
3 2160
3 2170
3 2180
3 2190
3 2200
3 2210
3 2220
3 2230
3 2240
3 2250
3 2260
3 2270
3 2280
3 2290
3 2300
3 2310
3 2320
3 2330
3 2340
3 2350
3 2360
3 2370
3 2380
3 2390In signal handler
thread4 running
4 0
4 10
4 20
4 30
4 40
4 50
4 60
4 70
4 80
4 90
4 100
4 110
4 120
4 130
4 140
4 150
4 160
4 170
4 180
4 190
4 200
4 210
4 220
4 230
4 240
4 250
4 260
4 270
4 280
4 290
4 300
4 310
4 320
4 330
4 340
4 350
4 360
4 370
4 380
4 390
4 400
4 410
4 420
4 430
4 440
4 450
4 460
4 470
4 480
4 490
4 500
4 510
4 520
4 530
4 540
4 550
4 560
4 570
4 580
4 590
4 600
4 610
4 620
4 630
4 640
4 650
4 660
4 670
4 680
4 690
4 700
4 710
4 720
4 730
4 740
4 750
4 760
4 770
4 780
4 790
4 800
4 810
4 820
4 830
4 840
4 850
4 860
4 870
4 880
4 890
4 900
4 910
4 920
4 930
4 940
4 950
4 960
4 970
4 980
4 990
4 1000
4 1010
4 1020
4 1030
4 1040
4 1050
4 1060
4 1070
4 1080
4 1090
4 1100
4 1110
4 1120
4 1130
4 1140
4 1150
4 1160
4 1170
4 1180
4 1190
4 1200
4 1210
4 1220
4 1230
4 1240
4 1250
4 1260
4 1270
4 1280
4 1290
4 1300
4 1310
4 1320
4 1330
4 1340
4 1350
4 1360
4 1370
4 1380
4 1390
4 1400
4 1410
4 1420
4 1430
4 1440
4 1450
4 1460
4 1470
4 1480
4 1490
4 1500
4 1510
4 1520
4 1530
4 1540
4 1550
4 1560
4 1570
4 1580
4 1590
4 1600
4 1610
4 1620
4 1630
4 1640
4 1650
4 1660
4 1670
4 1680
4 1690
4 1700
4 1710
4 1720
4 1730
4 1740
4 1750
4 1760
4 1770
4 1780
4 1790
4 1800
4 1810
4 1820
4 1830
4 1840
4 1850
4 1860
4 1870
4 1880
4 1890
4 1900
4 1910
4 1920
4 1930
4 1940
4 1950
4 1960
4 1970
4 1980
4 1990
4 2000
4 2010
4 2020
4 2030
4 2040
4 2050
4 2060
4 2070
4 2080
4 2090
4 2100
4 2110
4 2120
4 2130
4 2140
4 2150
4 2160
4 2170
4 2180
4 2190
4 2200
4 2210
4 2220
4 2230
4 2240
4 2250
4 2260
4 2270
4 2280
4 2290
4 2300
4 2310
4 2320
4 2330
4 2340
4 2350
4 2360
4 2370
4 2380
4 2390
4 2400
4 2410
4 2420
4 2430
4 2440
4 2450
4 2460
4 2470
4 2480
4 2490
4 2500
4 2510
4 2520
4 2530
4 2540
4 2550
4 2560
4 2570
4 2580
4 2590
4 2600
4 2610
4 2620
4 2630
4 2640
4 2650
4 2660
4 2670
4 2680
4 2690
4 2700
4 2710
4 2720
4 2730
4 2740
4 2750
4 2760
4 2770
4 2780
4 2790
4 2800
4 2810
4 2820
4 2830
4 2840
4 2850
4 2860
4 2870
4 2880In signal handler
thread5 running
thread5 exiting

3 2400
3 2410
3 2420
3 2430
3 2440
3 2450
3 2460
3 2470
3 2480
3 2490
3 2500
3 2510
3 2520
3 2530
3 2540
3 2550
3 2560
3 2570
3 2580
3 2590
3 2600
3 2610
3 2620
3 2630
3 2640
3 2650
3 2660
3 2670
3 2680
3 2690
3 2700
3 2710
3 2720
3 2730
3 2740
3 2750
3 2760
3 2770
3 2780
3 2790
3 2800
3 2810
3 2820
3 2830
3 2840
3 2850
3 2860
3 2870
3 2880
3 2890
3 2900
3 2910
3 2920
3 2930
3 2940
3 2950
3 2960
3 2970
3 2980
3 2990
3 3000
3 3010
3 3020
3 3030
3 3040In signal handler
ad1 exiting
thread2 running
thread2 exiting
thread3 running
3 0
3 10
3 20
3 30
3 40
3 50
3 60
3 70
3 80
3 90
3 100
3 110
3 120
3 130
3 140
3 150
3 160
3 170
3 180
3 190
3 200
3 210
3 220
3 230
3 240
3 250
3 260
3 270
3 280
3 290
3 300
3 310
3 320
3 330
3 340
3 350
3 360
3 370
3 380
3 390
3 400
3 410
3 420
3 430
3 440
3 450
3 460
3 470
3 480
3 490
3 500
3 510
3 520
3 530
3 540
3 550
3 560
3 570
3 580
3 590
3 600
3 610
3 620
3 630
3 640
3 650
3 660
3 670
3 680
3 690
3 700
3 710
3 720
3 730
3 740
3 750
3 760
3 770
3 780
3 790
3 800
3 810
3 820
3 830
3 840
3 850
3 860
3 870
3 880
3 890
3 900
3 910
3 920
3 930
3 940
3 950
3 960
3 970
3 980
3 990
3 1000
3 1010
3 1020
3 1030
3 1040
3 1050
3 1060
3 1070
3 1080
3 1090
3 1100
3 1110
3 1120
3 1130
3 1140
3 1150
3 1160
3 1170
3 1180
3 1190
3 1200
3 1210
3 1220
3 1230
3 1240
3 1250
3 1260
3 1270
3 1280
3 1290
3 1300
3 1310
3 1320
3 1330
3 1340
3 1350
3 1360
3 1370
3 1380
3 1390
3 1400
3 1410
3 1420
3 1430
3 1440
3 1450
3 1460
3 1470
3 1480
3 1490
3 1500
3 1510
3 1520
3 1530
3 1540
3 1550
3 1560
3 1570
3 1580
3 1590
3 1600
3 1610
3 1620
3 1630
3 1640
3 1650
3 1660
3 1670
3 1680
3 1690
3 1700
3 1710
3 1720
3 1730
3 1740
3 1750
3 1760
3 1770
3 1780
3 1790
3 1800
3 1810
3 1820
3 1830
3 1840
3 1850
3 1860
3 1870
3 1880
3 1890
3 1900
3 1910
3 1920
3 1930
3 1940
3 1950
3 1960
3 1970
3 1980
3 1990
3 2000
3 2010
3 2020
3 2030
3 2040
3 2050
3 2060
3 2070
3 2080
3 2090
3 2100
3 2110
3 2120
3 2130
3 2140
3 2150
3 2160
3 2170
3 2180
3 2190
3 2200
3 2210
3 2220
3 2230
3 2240
3 2250
3 2260
3 2270
3 2280
3 2290
3 2300
3 2310
3 2320
3 2330
3 2340
3 2350
3 2360
3 2370
3 2380
3 2390In signal handler
thread4 running
4 0
4 10
4 20
4 30
4 40
4 50
4 60
4 70
4 80
4 90
4 100
4 110
4 120
4 130
4 140
4 150
4 160
4 170
4 180
4 190
4 200
4 210
4 220
4 230
4 240
4 250
4 260
4 270
4 280
4 290
4 300
4 310
4 320
4 330
4 340
4 350
4 360
4 370
4 380
4 390
4 400
4 410
4 420
4 430
4 440
4 450
4 460
4 470
4 480
4 490
4 500
4 510
4 520
4 530
4 540
4 550
4 560
4 570
4 580
4 590
4 600
4 610
4 620
4 630
4 640
4 650
4 660
4 670
4 680
4 690
4 700
4 710
4 720
4 730
4 740
4 750
4 760
4 770
4 780
4 790
4 800
4 810
4 820
4 830
4 840
4 850
4 860
4 870
4 880
4 890
4 900
4 910
4 920
4 930
4 940
4 950
4 960
4 970
4 980
4 990
4 1000
4 1010
4 1020
4 1030
4 1040
4 1050
4 1060
4 1070
4 1080
4 1090
4 1100
4 1110
4 1120
4 1130
4 1140
4 1150
4 1160
4 1170
4 1180
4 1190
4 1200
4 1210
4 1220
4 1230
4 1240
4 1250
4 1260
4 1270
4 1280
4 1290
4 1300
4 1310
4 1320
4 1330
4 1340
4 1350
4 1360
4 1370
4 1380
4 1390
4 1400
4 1410
4 1420
4 1430
4 1440
4 1450
4 1460
4 1470
4 1480
4 1490
4 1500
4 1510
4 1520
4 1530
4 1540
4 1550
4 1560
4 1570
4 1580
4 1590
4 1600
4 1610
4 1620
4 1630
4 1640
4 1650
4 1660
4 1670
4 1680
4 1690
4 1700
4 1710
4 1720
4 1730
4 1740
4 1750
4 1760
4 1770
4 1780
4 1790
4 1800
4 1810
4 1820
4 1830
4 1840
4 1850
4 1860
4 1870
4 1880
4 1890
4 1900
4 1910
4 1920
4 1930
4 1940
4 1950
4 1960
4 1970
4 1980
4 1990
4 2000
4 2010
4 2020
4 2030
4 2040
4 2050
4 2060
4 2070
4 2080
4 2090
4 2100
4 2110
4 2120
4 2130
4 2140
4 2150
4 2160
4 2170
4 2180
4 2190
4 2200
4 2210
4 2220
4 2230
4 2240
4 2250
4 2260
4 2270
4 2280
4 2290
4 2300
4 2310
4 2320
4 2330
4 2340
4 2350
4 2360
4 2370
4 2380
4 2390
4 2400
4 2410
4 2420
4 2430
4 2440
4 2450
4 2460
4 2470
4 2480
4 2490
4 2500
4 2510
4 2520
4 2530
4 2540
4 2550
4 2560
4 2570
4 2580
4 2590
4 2600
4 2610
4 2620
4 2630
4 2640
4 2650
4 2660
4 2670
4 2680
4 2690
4 2700
4 2710
4 2720
4 2730
4 2740
4 2750
4 2760
4 2770
4 2780
4 2790
4 2800
4 2810
4 2820
4 2830
4 2840
4 2850
4 2860
4 2870
4 2880
4 2890
4 2900
4 2910
4 2920
4 2930
4 2940
4 2950
4 2960
4 2970
4 2980
4 2990
4 3000
4 3010
4 3020
4 3030
4 3040
4 3050
4 3060
4 3070
4 3080
4 3090
4 3100
4 3110
4 3120
4 3130
4 3140
4 3150
4 3160
4 3170
4 3180
4 3190
4 3200
4 3210
4 3220
4 3230
4 3240
4 3250
4 3260
4 3270
4 3280
4 3290
4 3300
4 3310
4 3320
4 3330
4 3340
4 3350
4 3360
4 3370
4 3380
4 3390
4 3400
4 3410
4 3420
4 3430
4 3440
4 3450
4 3460
4 3470
4 3480
4 3490
4 3500
4 3510
4 3520
4 3530
4 3540
4 3550
4 3560
4 3570
4 3580
4 3590
4 3600
4 3610
4 3620
4 3630
4 3640
4 3650
4 3660
4 3670
4 3680
4 3690
4 3700
4 3710
4 3720
4 3730
4 3740
4 3750
4 3760
4 3770
4 3780
4 3790
4 3800
4 3810
4 3820
4 3830
4 3840
4 3850
4 3860
4 3870
4 3880
4 3890
4 3900
4 3910
4 3920
4 3930
4 3940
4 3950
4 3960
4 3970
4 3980
4 3990
4 4000
4 4010
4 4020
4 4030
4 4040
4 4050
4 4060
4 4070
4 4080
4 4090
4 4100
4 4110
4 4120
4 4130
4 4140
4 4150
4 4160
4 4170
4 4180
4 4190
4 4200
4 4210
4 4220
4 4230
4 4240
4 4250
4 4260
4 4270
4 4280
4 4290
4 4300
4 4310
4 4320
4 4330
4 4340
4 4350
4 4360
4 4370
4 4380
4 4390
4 4400
4 4410
4 4420
4 4430
4 4440
4 4450
4 4460
4 4470
4 4480
4 4490
4 4500
4 4510
4 4520
4 4530
4 4540
4 4550
4 4560
4 4570
4 4580
4 4590
4 4600
4 4610
4 4620
4 4630
4 4640
4 4650
4 4660
4 4670
4 4680
4 4690
4 4700
4 4710
4 4720
4 4730
4 4740
4 4750
4 4760
4 4770
4 4780
4 4790
4 4800
4 4810
4 4820
4 4830
4 4840
In signal handler

3 3050
3 3060
3 3070
3 3080
3 3090
3 3100
3 3110
3 3120
3 3130
3 3140
3 3150
3 3160
3 3170
3 3180
3 3190
3 3200
3 3210
3 3220
3 3230
3 3240
3 3250
3 3260
3 3270
3 3280
3 3290
3 3300
3 3310
3 3320
3 3330
3 3340
3 3350
3 3360
3 3370
3 3380
3 3390
3 3400
3 3410
3 3420
3 3430
3 3440
3 3450
3 3460
3 3470
3 3480
3 3490
3 3500
3 3510
3 3520
3 3530
3 3540
3 3550
3 3560
3 3570
3 3580
3 3590
3 3600
3 3610
3 3620
3 3630
3 3640
3 3650
3 3660
3 3670
3 3680
3 3690
3 3700
3 3710
3 3720
3 3730
3 3740
3 3750
3 3760
3 3770
3 3780
3 3790
3 3800
3 3810
3 3820
3 3830
3 3840
3 3850
3 3860
3 3870
3 3880
3 3890
3 3900
3 3910
3 3920
3 3930
3 3940
3 3950
3 3960
3 3970
3 3980
3 3990
3 4000
3 4010
3 4020
3 4030
3 4040
3 4050
3 4060
3 4070
3 4080
3 4090
3 4100
3 4110
3 4120
3 4130
3 4140
3 4150
3 4160
3 4170
3 4180
3 4190
3 4200
3 4210
3 4220
3 4230
3 4240
3 4250
3 4260
3 4270
3 4280
3 4290
3 4300
3 4310
3 4320
3 4330
3 4340
3 4350
3 4360
3 4370
3 4380
3 4390
3 4400
3 4410
3 4420
3 4430
3 4440
3 4450
3 4460
3 4470
3 4480
3 4490
3 4500
3 4510
3 4520
3 4530
3 4540
3 4550
3 4560
3 4570
3 4580
3 4590
3 4600
3 4610
3 4620
3 4630
3 4640
3 4650
3 4660
3 4670
3 4680
3 4690
3 4700
3 4710
3 4720
3 4730
3 4740
3 4750
3 4760
3 4770
3 4780
3 4790
3 4800
3 4810
3 4820
3 4830
3 4840
3 4850
3 4860
3 4870
3 4880
3 4890
3 4900
3 4910
3 4920
3 4930
3 4940
3 In signal handler
4 4850
4 4860
4 4870
4 4880
4 4890
4 4900
4 4910
4 4920
4 4930
4 4940
4 4950
4 4960
4 4970
4 4980
4 4990
4 5000
4 5010
4 5020
4 5030
4 5040
4 5050
4 5060
4 5070
4 5080
4 5090
4 5100
4 5110
4 5120
4 5130
4 5140
4 5150
4 5160
4 5170
4 5180
4 5190
4 5200
4 5210
4 5220
4 5230
4 5240
4 5250
4 5260
4 5270
4 5280
4 5290
4 5300
4 5310
4 5320
4 5330
4 5340
4 5350
4 5360
4 5370
4 5380
4 5390
4 5400
4 5410
4 5420
4 5430
4 5440
4 5450
4 5460
4 5470
4 5480
4 5490
4 5500
4 5510
4 5520
4 5530
4 5540
4 5550
4 5560
4 5570
4 5580
4 5590
4 5600
4 5610
4 5620
4 5630
4 5640
4 5650
4 5660
4 5670
4 5680
4 5690
4 5700
4 5710
4 5720
4 5730
4 5740
4 5750
4 5760
4 5770
4 5780
4 5790
4 5800
4 5810
4 5820
4 5830
4 5840
4 5850
4 5860
4 5870
4 5880
4 5890
4 5900
4 5910
4 5920
4 5930
4 5940
4 5950
4 5960
4 5970
4 5980
4 5990
4 6000
4 6010
4 6020
4 6030
4 6040
4 6050
4 6060
4 6070
4 6080
4 6090
4 6100
4 6110
4 6120
4 6130
4 6140
4 6150
4 6160
4 6170
4 6180
4 6190
4 6200
4 6210
4 6220
4 6230
4 6240
4 6250
4 6260
4 6270
4 6280
4 6290
4 6300
4 6310
4 6320
4 6330
4 6340
4 6350
4 6360
4 6370
4 6380
4 6390
4 6400
4 6410
4 6420
4 6430
4 6440
4 6450
4 6460
4 6470
4 6480
4 6490
4 6500
4 6510
4 6520
4 6530
4 6540
4 6550
4 6560
4 6570
4 6580
4 6590
4 6600
4 6610
4 6620
4 6630
4 6640
4 6650
In signal handler
4950
3 4960
3 4970
3 4980
3 4990
3 5000
3 5010
3 5020
3 5030
3 5040
3 5050
3 5060
3 5070
3 5080
3 5090
3 5100
3 5110
3 5120
3 5130
3 5140
3 5150
3 5160
3 5170
3 5180
3 5190
3 5200
3 5210
3 5220
3 5230
3 5240
3 5250
3 5260
3 5270
3 5280
3 5290
3 5300
3 5310
3 5320
3 5330
3 5340
3 5350
3 5360
3 5370
3 5380
3 5390
3 5400
3 5410
3 5420
3 5430
3 5440
3 5450
3 5460
3 5470
3 5480
3 5490
3 5500
3 5510
3 5520
3 5530
3 5540
3 5550
3 5560
3 5570
3 5580
3 5590
3 5600
3 5610
3 5620
3 5630
3 5640
3 5650
3 5660
3 5670
3 5680
3 5690
3 5700
3 5710
3 5720
3 5730
3 5740
3 5750
3 5760
0
4 3610
4 3620
4 3630
4 3640
4 3650
4 3660
4 3670
4 3680
4 3690
4 3700
4 3710
4 3720
4 3730
4 3740
4 3750
4 3760
4 3770
4 3780
4 3790
4 3800
4 3810
4 3820
4 3830
4 3840
4 3850
4 3860
4 3870
4 3880
4 3890
4 3900
4 3910
4 3920
4 3930
4 3940
4 3950
4 3960
4 3970
4 3980
4 3990
4 4000
4 4010
4 4020
4 4030
4 4040
4 4050
4 4060
4 4070
4 4080
4 4090
4 4100
4 4110
4 4120
4 4130
4 4140
4 4150
4 4160
4 4170
4 4180
4 4190
4 4200
4 4210
4 4220
4 4230
4 4240
4 4250
4 4260
4 4270
4 4280
4 4290
4 4300
4 4310
4 4320
4 4330
4 4340
4 4350
4 4360
4 4370
4 4380
4 4390
4 4400
4 4410
4 4420
4 4430
4 4440
4 4450
4 4460
4 4470
4 4480
4 4490
4 4500
4 4510
4 4520
4 4530
4 4540
4 4550
4 4560
4 4570
4 4580
4 4590
4 4600
4 4610
4 4620
4 4630
4 4640
4 4650
4 4660
4 4670
4 4680
4 4690
4 4700
4 4710
4 4720
4 4730
4 4740
4 4750
4 4760
4 4770
4 4780
4 4790
4 4800
4 4810
4 4820
4 4830
4 4840
In signal handler

3 3050
3 3060
3 3070
3 3080
3 3090
3 3100
3 3110
3 3120
3 3130
3 3140
3 3150
3 3160
3 3170
3 3180
3 3190
3 3200
3 3210
3 3220
3 3230
3 3240
3 3250
3 3260
3 3270
3 3280
3 3290
3 3300
3 3310
3 3320
3 3330
3 3340
3 3350
3 3360
3 3370
3 3380
3 3390
3 3400
3 3410
3 3420
3 3430
3 3440
3 3450
3 3460
3 3470
3 3480
3 3490
3 3500
3 3510
3 3520
3 3530
3 3540
3 3550
3 3560
3 3570
3 3580
3 3590
3 3600
3 3610
3 3620
3 3630
3 3640
3 3650
3 3660
3 3670
3 3680
3 3690
3 3700
3 3710
3 3720
3 3730
3 3740
3 3750
3 3760
3 3770
3 3780
3 3790
3 3800
3 3810
3 3820
3 3830
3 3840
3 3850
3 3860
3 3870
3 3880
3 3890
3 3900
3 3910
3 3920
3 3930
3 3940
3 3950
3 3960
3 3970
3 3980
3 3990
3 4000
3 4010
3 4020
3 4030
3 4040
3 4050
3 4060
3 4070
3 4080
3 4090
3 4100
3 4110
3 4120
3 4130
3 4140
3 4150
3 4160
3 4170
3 4180
3 4190
3 4200
3 4210
3 4220
3 4230
3 4240
3 4250
3 4260
3 4270
3 4280
3 4290
3 4300
3 4310
3 4320
3 4330
3 4340
3 4350
3 4360
3 4370
3 4380
3 4390
3 4400
3 4410
3 4420
3 4430
3 4440
3 4450
3 4460
3 4470
3 4480
3 4490
3 4500
3 4510
3 4520
3 4530
3 4540
3 4550
3 4560
3 4570
3 4580
3 4590
3 4600
3 4610
3 4620
3 4630
3 4640
3 4650
3 4660
3 4670
3 4680
3 4690
3 4700
3 4710
3 4720
3 4730
3 4740
3 4750
3 4760
3 4770
3 4780
3 4790
3 4800
3 4810
3 4820
3 4830
3 4840
3 4850
3 4860
3 4870
3 4880
3 4890
3 4900
3 4910
3 4920
3 4930
3 4940
3 In signal handler
4 4850
4 4860
4 4870
4 4880
4 4890
4 4900
4 4910
4 4920
4 4930
4 4940
4 4950
4 4960
4 4970
4 4980
4 4990
4 5000
4 5010
4 5020
4 5030
4 5040
4 5050
4 5060
4 5070
4 5080
4 5090
4 5100
4 5110
4 5120
4 5130
4 5140
4 5150
4 5160
4 5170
4 5180
4 5190
4 5200
4 5210
4 5220
4 5230
4 5240
4 5250
4 5260
4 5270
4 5280
4 5290
4 5300
4 5310
4 5320
4 5330
4 5340
4 5350
4 5360
4 5370
4 5380
4 5390
4 5400
4 5410
4 5420
4 5430
4 5440
4 5450
4 5460
4 5470
4 5480
4 5490
4 5500
4 5510
4 5520
4 5530
4 5540
4 5550
4 5560
4 5570
4 5580
4 5590
4 5600
4 5610
4 5620
4 5630
4 5640
4 5650
4 5660
4 5670
4 5680
4 5690
4 5700
4 5710
4 5720
4 5730
4 5740
4 5750
4 5760
4 5770
4 5780
4 5790
4 5800
4 5810
4 5820
4 5830
4 5840
4 5850
4 5860
4 5870
4 5880
4 5890
4 5900
4 5910
4 5920
4 5930
4 5940
4 5950
4 5960
4 5970
4 5980
4 5990
4 6000
4 6010
4 6020
4 6030
4 6040
4 6050
4 6060
4 6070
4 6080
4 6090
4 6100
4 6110
4 6120
4 6130
4 6140
4 6150
4 6160
4 6170
4 6180
4 6190
4 6200
4 6210
4 6220
4 6230
4 6240
4 6250
4 6260
4 6270
4 6280
4 6290
4 6300
4 6310
4 6320
4 6330
4 6340
4 6350
4 6360
4 6370
4 6380
4 6390
4 6400
4 6410
4 6420
4 6430
4 6440
4 6450
4 6460
4 6470
4 6480
4 6490
4 6500
4 6510
4 6520
4 6530
4 6540
4 6550
4 6560
4 6570
4 6580
4 6590
4 6600
4 6610
4 6620
4 6630
4 6640
4 6650
In signal handler
4950
3 4960
3 4970
3 4980
3 4990
3 5000
3 5010
3 5020
3 5030
3 5040
3 5050
3 5060
3 5070
3 5080
3 5090
3 5100
3 5110
3 5120
3 5130
3 5140
3 5150
3 5160
3 5170
3 5180
3 5190
3 5200
3 5210
3 5220
3 5230
3 5240
3 5250
3 5260
3 5270
3 5280
3 5290
3 5300
3 5310
3 5320
3 5330
3 5340
3 5350
3 5360
3 5370
3 5380
3 5390
3 5400
3 5410
3 5420
3 5430
3 5440
3 5450
3 5460
3 5470
3 5480
3 5490
3 5500
3 5510
3 5520
3 5530
3 5540
3 5550
3 5560
3 5570
3 5580
3 5590
3 5600
3 5610
3 5620
3 5630
3 5640
3 5650
3 5660
3 5670
3 5680
3 5690
3 5700
3 5710
3 5720
3 5730
3 5740
3 5750
3 5760
3 5770
3 5780
3 5790
3 5800
3 5810
3 5820
3 5830
3 5840
3 5850
3 5860
3 5870
3 5880
3 5890
3 5900
3 5910
3 5920
3 5930
3 5940
3 5950
3 5960
3 5970
3 5980
3 5990
3 6000
3 6010
3 6020
3 6030
3 6040
3 6050
3 6060
3 6070
3 6080
3 6090
3 6100
3 6110
3 6120
3 6130
3 6140
3 6150
3 6160
3 6170
3 6180
3 6190
3 6200
3 6210
3 6220
3 6230
3 6240
3 6250
3 6260
3 6270
3 6280
3 6290
3 6300
3 6310
3 6320
3 6330
3 6340
3 6350
3 6360
3 6370
3 6380
3 6390
3 6400
3 6410
3 6420
3 6430
3 6440
3 6450
3 6460
3 6470
3 6480
3 6490
3 6500
3 6510
3 6520
3 6530
3 6540
3 6550
3 6560
3 6570
3 6580
3 6590
3 6600
3 6610
3 6620
3 6630
3 6640
3 6650
3 6660
3 6670
3 6680
3 6690
3 6700
3 6710
3 6720
3 6730
3 6740
3 6750
3 6760
3 6770
3 6780
3 6790
3 6800
3 6810
3 6820
3 6830
3 6840
3 6850
3 6860
3 6870
3 6880
3 6890
3 6900
3 6910
3 6920
3 6930
3 6940
3 6950
3 6960
3 6970
3 6980
3 6990
3 7000
3 7010
3 7020
3 7030
3 7040
3 7050
3 7060
3 7070
3 7080
3 7090
3 7100
3 7110
3 7120
3 7130
3 7140
3 7150
3 7160
3 7170
3 7180
3 7190
3 7200
3 7210
3 7220
3 7230
3 7240
3 7250
3 7260
3 7270
3 7280
3 7290
3 7300
3 7310
3 7320
3 7330
3 7340
3 7350
3 7360
3 7370
3 7380
3 7390
3 7400
3 7410
3 7420
3 7430
3 7440
3 7450
3 7460
3 7470
3 7480
3 7490
3 7500
3 7510
3 7520
3 7530
3 7540
3 7550
3 7560
3 7570
3 7580
3 7590
3 7600
3 7610
3 7620
3 7630
3 7640
3 7650
3 7660
3 7670
3 7680
3 7690
3 7700
3 7710
3 7720
3 7730
3 7740
3 7750
3 7760
3 7770
3 7780
3 7790
3 7800
3 7810
3 7820
3 7830
3 7840
3 7850
3 7860
3 7870
3 7880
3 7890
3 7900
3 7910
3 7920
3 7930
3 7940
3 7950
3 7960
3 7970
3 7980
3 7990
3 8000
3 8010
3 8020
3 8030
3 8040
3 8050
3 8060
3 8070
3 8080
3 8090
3 8100
3 8110
3 8120
3 8130
3 8140
3 8150
3 8160
3 8170
3 8180
3 8190
3 8200
3 8210
3 8220
3 8230
3 8240
3 8250
3 8260
3 8270
3 8280
3 8290
3 8300
3 8310
3 8320
3 8330
3 8340
3 8350
3 8360
3 8370
3 8380
3 8390
3 8400
3 8410
3 8420
3 8430
3 8440
3 8450
3 8460
3 8470
3 8480
3 8490
3 8500
3 8510
3 8520
3 8530
3 8540
3 8550
3 8560
3 8570
3 8580
3 8590
3 8600
3 8610
3 8620
3 8630
3 8640
3 8650
3 8660
3 8670
3 8680
3 8690
3 8700
3 8710
3 8720
3 8730
3 8740
3 8750
In signal handler
4 9610
4 9620
4 9630
4 9640
4 9650
4 9660
4 9670
4 9680
4 9690
4 9700
4 9710
4 9720
4 9730
4 9740
4 9750
4 9760
4 9770
4 9780
4 9790
4 9800
4 9810
4 9820
4 9830
4 9840
4 9850
4 9860
4 9870
4 9880
4 9890
4 9900
4 9910
4 9920
4 9930
4 9940
4 9950
4 9960
4 9970
4 9980
4 9990
4 10000
4 10010
4 10020
4 10030
4 10040
4 10050
4 10060
4 10070
4 10080
4 10090
4 10100
4 10110
4 10120
4 10130
4 10140
4 10150
4 10160
4 10170
4 10180
4 10190
4 10200
4 10210
4 10220
4 10230
4 10240
4 10250
4 10260
4 10270
4 10280
4 10290
4 10300
4 10310
4 10320
4 10330
4 10340
4 10350
4 10360
4 10370
4 10380
4 10390
4 10400
4 10410
4 10420
4 10430
4 10440
4 10450
4 10460
4 10470
4 10480
4 10490
4 10500
4 10510
4 10520
4 10530
4 10540
4 10550
4 10560
4 10570
4 10580
4 10590
4 10600
4 10610
4 10620
4 10630
4 10640
4 10650
4 10660
4 10670
4 10680
4 10690
4 10700
4 10710
4 10720
4 10730
4 10740
4 10750
4 10760
4 10770
4 10780
4 10790
4 10800
4 10810
4 10820
4 10830
4 10840
4 10850
4 10860
4 10870
4 10880
4 10890
4 10900
4 10910
4 10920
4 10930
4 10940
4 10950
4 10960
In signal handler
3 8760
3 8770
3 8780
3 8790
3 8800
3 8810
3 8820
3 8830
3 8840
3 8850
3 8860
3 8870
3 8880
3 8890
3 8900
3 8910
3 8920
3 8930
3 8940
3 8950
3 8960
3 8970
3 8980
3 8990
3 9000
3 9010
3 9020
3 9030
3 9040
3 9050
3 9060
3 9070
3 9080
3 9090
3 9100
3 9110
3 9120
3 9130
3 9140
3 9150
3 9160
3 9170
3 9180
3 9190
3 9200
3 9210
3 9220
3 9230
3 9240
3 9250
3 9260
3 9270
3 9280
3 9290
3 9300
3 9310
3 9320
3 9330
3 9340
3 9350
3 9360
3 9370
3 9380
3 9390
3 9400
3 9410
3 9420
3 9430
3 9440
3 9450
3 9460
3 9470
3 9480
3 9490
3 9500
3 9510
3 9520
3 9530
3 9540
3 9550
3 9560
3 9570
3 9580
3 9590
3 9600
3 9610
3 9620
3 9630
3 9640
3 9650
3 9660
3 9670
3 9680
3 9690
3 9700
3 9710
3 9720
3 9730
3 9740
3 9750
3 9760
3 9770
3 9780
3 9790
3 9800
3 9810
3 9820
3 9830
3 9840
3 9850
3 9860
3 9870
3 9880
3 9890
3 9900
3 9910
3 9920
3 9930
3 9940
3 9950
3 9960
3 9970
3 9980
3 9990
3 10000
3 10010
3 10020
3 10030
3 10040
3 10050
3 3 5770
3 5780
3 5790
3 5800
3 5810
3 5820
3 5830
3 5840
3 5850
3 5860
3 5870
3 5880
3 5890
3 5900
3 5910
3 5920
3 5930
3 5940
3 5950
3 5960
3 5970
3 5980
3 5990
3 6000
3 6010
3 6020
3 6030
3 6040
3 6050
3 6060
3 6070
3 6080
3 6090
3 6100
3 6110
3 6120
3 6130
3 6140
3 6150
3 6160
3 6170
3 6180
3 6190
3 6200
3 6210
3 6220
3 6230
3 6240
3 6250
3 6260
3 6270
3 6280
3 6290
3 6300
3 6310
3 6320
3 6330
3 6340
3 6350
3 6360
3 6370
3 6380
3 6390
3 6400
3 6410
3 6420
3 6430
3 6440
3 6450
3 6460
3 6470
3 6480
3 6490
3 6500
3 6510
3 6520
3 6530
3 6540
3 6550
3 6560
3 6570
3 6580
3 6590
3 6600
3 6610
3 6620
3 6630
3 6640
3 6650
3 6660
3 6670
3 6680
3 6690
3 6700
3 6710
3 6720
3 6730
3 6740
3 6750
3 6760
3 6770
3 6780
3 6790
3 6800
3 6810
3 6820
3 6830
3 6840
3 6850
3 6860
3 6870
3 6880
3 6890
3 6900
3 6910
3 6920
3 6930
3 6940
3 6950
3 6960
3 6970
3 6980
3 6990
3 7000
3 7010
3 7020
3 7030
3 7040
3 7050
3 7060
3 7070
3 7080
3 7090
3 7100
3 7110
3 7120
3 7130
3 7140
3 7150
3 7160
3 7170
3 7180
3 7190
3 7200
3 7210
3 7220
3 7230
3 7240
3 7250
3 7260
3 7270
3 7280
3 7290
3 7300
3 7310
3 7320
3 7330
3 7340
3 7350
3 7360
3 7370
3 7380
3 7390
3 7400
3 7410
3 7420
3 7430
3 7440
3 7450
3 7460
3 7470
3 7480
3 7490
3 7500
3 7510
3 7520
3 7530
3 7540
3 7550
3 7560
3 7570
3 7580
3 7590
3 7600
3 7610
3 7620
3 7630
3 7640
3 7650
3 7660
3 7670
3 7680
3 7690
3 7700
3 7710
3 7720
3 7730
3 7740
3 7750
3 7760
3 7770
3 7780
3 7790
3 7800
3 7810
3 7820
3 7830
3 7840
3 7850
3 7860
3 7870
3 7880
3 7890
3 7900
3 7910
3 7920
3 7930
3 7940
3 7950
3 7960
3 7970
3 7980
3 7990
3 8000
3 8010
3 8020
3 8030
3 8040
3 8050
3 8060
3 8070
3 8080
3 8090
3 8100
3 8110
3 8120
3 8130
3 8140
3 8150
3 8160
3 8170
3 8180
3 8190
3 8200
3 8210
3 8220
3 8230
3 8240
3 8250
3 8260
3 8270
3 8280
3 8290
3 8300
3 8310
3 8320
3 8330
3 8340
3 8350
3 8360
3 8370
3 8380
3 8390
3 8400
3 8410
3 8420
3 8430
3 8440
3 8450
3 8460
3 8470
3 8480
3 8490
3 8500
3 8510
3 8520
3 8530
3 8540
3 8550
3 8560
3 8570
3 8580
3 8590
3 8600
3 8610
3 8620
3 8630
3 8640
3 8650
3 8660
3 8670
3 8680
3 8690
3 8700
3 8710
3 8720
3 8730
3 8740
3 8750
In signal handler
4 9610
4 9620
4 9630
4 9640
4 9650
4 9660
4 9670
4 9680
4 9690
4 9700
4 9710
4 9720
4 9730
4 9740
4 9750
4 9760
4 9770
4 9780
4 9790
4 9800
4 9810
4 9820
4 9830
4 9840
4 9850
4 9860
4 9870
4 9880
4 9890
4 9900
4 9910
4 9920
4 9930
4 9940
4 9950
4 9960
4 9970
4 9980
4 9990
4 10000
4 10010
4 10020
4 10030
4 10040
4 10050
4 10060
4 10070
4 10080
4 10090
4 10100
4 10110
4 10120
4 10130
4 10140
4 10150
4 10160
4 10170
4 10180
4 10190
4 10200
4 10210
4 10220
4 10230
4 10240
4 10250
4 10260
4 10270
4 10280
4 10290
4 10300
4 10310
4 10320
4 10330
4 10340
4 10350
4 10360
4 10370
4 10380
4 10390
4 10400
4 10410
4 10420
4 10430
4 10440
4 10450
4 10460
4 10470
4 10480
4 10490
4 10500
4 10510
4 10520
4 10530
4 10540
4 10550
4 10560
4 10570
4 10580
4 10590
4 10600
4 10610
4 10620
4 10630
4 10640
4 10650
4 10660
4 10670
4 10680
4 10690
4 10700
4 10710
4 10720
4 10730
4 10740
4 10750
4 10760
4 10770
4 10780
4 10790
4 10800
4 10810
4 10820
4 10830
4 10840
4 10850
4 10860
4 10870
4 10880
4 10890
4 10900
4 10910
4 10920
4 10930
4 10940
4 10950
4 10960
In signal handler
3 8760
3 8770
3 8780
3 8790
3 8800
3 8810
3 8820
3 8830
3 8840
3 8850
3 8860
3 8870
3 8880
3 8890
3 8900
3 8910
3 8920
3 8930
3 8940
3 8950
3 8960
3 8970
3 8980
3 8990
3 9000
3 9010
3 9020
3 9030
3 9040
3 9050
3 9060
3 9070
3 9080
3 9090
3 9100
3 9110
3 9120
3 9130
3 9140
3 9150
3 9160
3 9170
3 9180
3 9190
3 9200
3 9210
3 9220
3 9230
3 9240
3 9250
3 9260
3 9270
3 9280
3 9290
3 9300
3 9310
3 9320
3 9330
3 9340
3 9350
3 9360
3 9370
3 9380
3 9390
3 9400
3 9410
3 9420
3 9430
3 9440
3 9450
3 9460
3 9470
3 9480
3 9490
3 9500
3 9510
3 9520
3 9530
3 9540
3 9550
3 9560
3 9570
3 9580
3 9590
3 9600
3 9610
3 9620
3 9630
3 9640
3 9650
3 9660
3 9670
3 9680
3 9690
3 9700
3 9710
3 9720
3 9730
3 9740
3 9750
3 9760
3 9770
3 9780
3 9790
3 9800
3 9810
3 9820
3 9830
3 9840
3 9850
3 9860
3 9870
3 9880
3 9890
3 9900
3 9910
3 9920
3 9930
3 9940
3 9950
3 9960
3 9970
3 9980
3 9990
3 10000
3 10010
3 10020
3 10030
3 10040
3 10050
3 10060
3 10070
3 10080
3 10090
3 10100
3 10110
3 10120
3 10130
3 10140
3 10150
3 10160
3 10170
3 10180
3 10190
3 10200
3 10210
3 10220
3 10230
3 10240
3 10250
3 10260
3 10270
3 10280
3 10290
3 10300
3 10310
3 10320
3 10330
3 10340
3 10350
3 10360
3 10370
3 10380
3 10390
3 10400
3 10410
3 10420
3 10430
3 10440
3 10450
3 10460
3 10470
3 10480
3 10490
3 10500
3 10510
3 10520
3 10530
3 10540
3 10550
3 10560
3 10570
3 10580
3 10590
3 10600
3 10610
3 10620
3 10630
3 10640
3 10650
3 10660
3 10670
3 10680
3 10690
3 10700
3 10710
3 10720
3 10730
3 10740
3 10750
3 10760
3 10770
3 10780
3 10790
3 10800
3 10810
3 10820
3 10830
3 10840
3 10850
3 10860
3 10870
3 10880
3 10890
3 10900
3 10910
3 10920
3 10930
3 10940
3 10950
3 10960
3 10970
3 10980
3 10990
3 11000
3 11010
3 11020
3 11030
3 11040
3 11050
3 11060
3 11070
3 11080
3 11090
3 11100
3 11110
3 11120
3 11130
3 11140
3 11150
3 11160
3 11170
3 11180
3 11190
3 11200
3 11210
3 11220
3 11230
3 11240
3 11250
3 11260
3 11270
3 11280
3 11290
3 11300
3 11310
3 11320
3 11330
3 11340
3 11350
3 11360
3 11370
3 11380
3 11390
3 11400
3 11410
3 11420
3 11430
3 11440
3 11450
3 11460
3 11470
3 11480
3 11490
3 11500
3 11510
3 11520
3 11530
3 11540
3 11550
3 11560
3 11570
3 11580
3 11590
3 11600
3 11610
3 11620
3 11630
3 11640
3 11650
3 11660
3 11670
3 11680
3 11690
3 11700
3 11710
3 11720
3 11730
3 11740
3 11750
3 11760
3 11770
3 11780
3 11790
3 11800
3 11810
3 11820
3 11830
3 11840
3 11850
3 11860
3 11870
3 11880
3 11890
3 11900
3 11910
3 11920
3 11930
3 11940
3 11950
3 11960
3 11970
3 11980
3 11990
3 12000
3 12010
3 12020
3 12030
3 12040
3 12050
3 12060
3 12070
3 12080
3 12090
3 12100
3 12110
3 12120
3 12130
3 12140
3 12150
3 12160
3 12170
3 12180
3 12190
3 12200
3 12210
3 12220
3 12230
3 12240
3 12250
3 12260
3 12270
3 12280
3 12290
3 12300
3 12310
3 12320
3 12330
3 12340
3 12350
3 12360
3 12370
3 12380
3 12390
3 12400
3 12410
3 12420
3 12430
3 12440
3 12450
3 12460
3 12470
3 12480
3 12490
3 12500
3 12510
3 12520
3 12530
3 12540
3 12550
3 12560
3 12570
3 12580
3 12590
3 12600
3 12610
3 12620
3 12630
3 12640
3 12650
3 12660
3 12670
3 12680
3 12690
3 12700
3 12710
3 12720
3 12730
3 12740
3 12750
3 12760
3 12770
3 12780
3 12790
3 12800
3 128113700
4 13710
4 13720
4 13730
4 13740
4 13750
4 13760
4 13770
4 13780
4 13790
4 13800
4 13810
4 13820
4 13830
4 13840
4 13850
4 13860
4 13870
4 13880
4 13890
4 13900
4 13910
4 13920
4 13930
4 13940
4 13950
4 13960
4 13970
4 13980
4 13990
4 14000
4 14010
4 14020
4 14030
4 14040
4 14050
4 14060
4 14070
4 14080
4 14090
4 14100
4 14110
4 14120
4 14130
4 14140
4 14150
4 14160
4 14170
4 14180
4 14190
4 14200
4 14210
4 14220
4 14230
4 14240
4 14250
4 14260
4 14270
4 14280
4 14290
4 14300
4 14310
4 14320
4 14330
4 14340
4 14350
4 14360
4 14370
4 14380
4 14390
4 14400
4 14410
4 14420
4 14430
4 14440
4 14450
4 14460
4 14470
4 14480
4 14490
4 14500
4 14510
4 14520
4 14530
4 14540
4 14550
4 14560
4 14570
4 14580
4 14590
4 14600
4 14610
4 14620
4 14630
4 14640
4 14650
4 14660
4 14670
4 14680
4 14690
4 14700
4 14710
4 14720
4 14730
4 14740
4 14750
4 14760
4 14770
4 14780
4 14790
4 14800
4 14810
4 14820
4 14830
4 14840
4 14850
4 14860
4 14870
4 14880
4 14890
4 14900
4 14910
4 14920
4 14930
4 14940
4 14950
4 14960
4 14970
4 14980
4 14990
4 15000
4 15010
4 15020
4 15030
4 15040
4 15050
4 15060
4 15070
4 15080
4 15090
4 15100
4 15110
4 15120
4 15130
4 15140
4 15150
4 15160
4 15170
4 15180
4 15190
4 15200
4 15210
4 15220
4 15230
4 15240
4 15250
4 15260
4 15270
4 15280
4 15290
4 15300
4 15310
4 15320
4 15330
4 15340
4 15350
4 15360
4 15370
4 15380
4 15390
4 15400
4 15410
4 15420
In signal handler
3 12830
3 12840
3 12850
3 12860
3 12870
3 12880
3 12890
3 12900
3 12910
3 12920
3 12930
3 12940
3 12950
3 12960
3 12970
3 12980
3 12990
3 13000
3 13010
3 13020
3 13030
3 13040
3 13050
3 13060
3 13070
3 13080
3 13090
3 13100
3 13110
3 13120
3 13130
3 13140
3 13150
3 13160
3 13170
3 13180
3 13190
3 13200
3 13210
3 13220
3 13230
3 13240
3 13250
3 13260
3 13270
3 13280
3 13290
3 13300
3 13310
3 13320
3 13330
3 13340
3 13350
3 13360
3 13370
3 13380
3 13390
3 13400
3 13410
3 13420
3 13430
3 13440
3 13450
3 13460
3 13470
3 13480
3 13490
3 13500
3 13510
3 13520
3 13530
3 13540
3 13550
3 13560
3 13570
3 13580
3 13590
3 13600
3 13610
3 13620
3 13630
3 13640
3 13650
3 13660
3 13670
3 13680
3 13690
3 13700
3 13710
3 13720
3 13730
3 In signal handler
10380
3 10390
3 10400
3 10410
3 10420
3 10430
3 10440
3 10450
3 10460
3 10470
3 10480
3 10490
3 10500
3 10510
3 10520
3 10530
3 10540
3 10550
3 10560
3 10570
3 10580
3 10590
3 10600
3 10610
3 10620
3 10630
3 10640
3 10650
3 10660
3 10670
3 10680
3 10690
3 10700
3 10710
3 10720
3 10730
3 10740
3 10750
3 10760
3 10770
3 10780
3 10790
3 10800
3 10810
3 10820
3 10830
3 10840
3 10850
3 10860
3 10870
3 10880
3 10890
3 10900
3 10910
3 10920
3 10930
3 10940
3 10950
3 10960
3 10970
3 10980
3 10990
3 11000
3 11010
3 11020
3 11030
3 11040
3 11050
3 11060
3 11070
3 11080
3 11090
3 11100
3 11110
3 11120
3 11130
3 11140
3 11150
3 11160
3 11170
3 11180
3 11190
3 11200
3 11210
3 11220
3 11230
3 11240
3 11250
3 11260
3 11270
3 11280
3 11290
3 11300
3 11310
3 11320
3 11330
3 11340
3 11350
3 11360
3 11370
3 11380
3 11390
3 11400
3 11410
3 11420
3 11430
3 11440
3 11450
3 11460
3 11470
3 11480
3 11490
3 11500
3 11510
3 11520
3 11530
3 11540
3 11550
3 11560
3 11570
3 11580
3 11590
3 11600
3 11610
3 11620
3 11630
3 11640
3 11650
3 11660
3 11670
3 11680
3 11690
3 11700
3 11710
3 11720
3 11730
3 11740
3 11750
3 11760
3 11770
3 11780
3 11790
3 11800
3 11810
3 11820
3 11830
3 11840
3 11850
3 11860
3 11870
3 11880
3 11890
3 11900
3 11910
3 11920
3 11930
3 11940
3 11950
3 11960
3 11970
3 11980
3 11990
3 12000
3 12010
3 12020
3 12030
3 12040
3 12050
3 12060
3 12070
3 12080
3 12090
3 12100
3 12110
3 12120
3 12130
3 12140
3 12150
3 12160
3 12170
3 12180
3 12190
3 12200
3 12210
3 12220
3 12230
3 12240
3 12250
3 12260
3 12270
3 12280
3 12290
3 12300
3 12310
3 12320
3 12330
3 12340
3 12350
3 12360
3 12370
3 12380
3 12390
3 12400
3 12410
3 12420
3 12430
3 12440
3 12450
3 12460
3 12470
3 12480
3 12490
3 12500
3 12510
3 12520
3 12530
3 12540
3 12550
3 12560
3 12570
3 12580
3 12590
3 12600
3 12610
3 12620
3 12630
3 12640
3 12650
3 12660
3 12670
3 12680
3 12690
3 12700
3 12710
3 12720
3 12730
3 12740
3 12750
3 12760
3 12770
3 12780
3 12790
3 12800
3 128113700
4 13710
4 13720
4 13730
4 13740
4 13750
4 13760
4 13770
4 13780
4 13790
4 13800
4 13810
4 13820
4 13830
4 13840
4 13850
4 13860
4 13870
4 13880
4 13890
4 13900
4 13910
4 13920
4 13930
4 13940
4 13950
4 13960
4 13970
4 13980
4 13990
4 14000
4 14010
4 14020
4 14030
4 14040
4 14050
4 14060
4 14070
4 14080
4 14090
4 14100
4 14110
4 14120
4 14130
4 14140
4 14150
4 14160
4 14170
4 14180
4 14190
4 14200
4 14210
4 14220
4 14230
4 14240
4 14250
4 14260
4 14270
4 14280
4 14290
4 14300
4 14310
4 14320
4 14330
4 14340
4 14350
4 14360
4 14370
4 14380
4 14390
4 14400
4 14410
4 14420
4 14430
4 14440
4 14450
4 14460
4 14470
4 14480
4 14490
4 14500
4 14510
4 14520
4 14530
4 14540
4 14550
4 14560
4 14570
4 14580
4 14590
4 14600
4 14610
4 14620
4 14630
4 14640
4 14650
4 14660
4 14670
4 14680
4 14690
4 14700
4 14710
4 14720
4 14730
4 14740
4 14750
4 14760
4 14770
4 14780
4 14790
4 14800
4 14810
4 14820
4 14830
4 14840
4 14850
4 14860
4 14870
4 14880
4 14890
4 14900
4 14910
4 14920
4 14930
4 14940
4 14950
4 14960
4 14970
4 14980
4 14990
4 15000
4 15010
4 15020
4 15030
4 15040
4 15050
4 15060
4 15070
4 15080
4 15090
4 15100
4 15110
4 15120
4 15130
4 15140
4 15150
4 15160
4 15170
4 15180
4 15190
4 15200
4 15210
4 15220
4 15230
4 15240
4 15250
4 15260
4 15270
4 15280
4 15290
4 15300
4 15310
4 15320
4 15330
4 15340
4 15350
4 15360
4 15370
4 15380
4 15390
4 15400
4 15410
4 15420
4 15430
4 15440
4 15450
4 15460
4 15470
4 15480
4 15490
4 15500
4 15510
4 15520
4 15530
4 15540
4 15550
4 15560
4 15570
4 15580
4 15590
4 15600
4 15610
4 15620
4 15630
4 15640
4 15650
4 15660
4 15670
4 15680
4 15690
4 15700
4 15710
4 15720
4 15730
4 15740
4 15750
4 15760
4 15770
4 15780
4 15790
4 15800
4 15810
4 15820
4 15830
4 15840
4 15850
4 15860
4 15870
4 15880
4 15890
4 15900
4 15910
4 15920
4 15930
4 15940
4 15950
4 15960
4 15970
4 15980
4 15990
4 16000
4 16010
4 16020
4 16030
4 16040
4 16050
4 16060
4 16070
4 16080
4 16090
4 16100
4 16110
4 16120
4 16130
4 16140
4 16150
4 16160
4 16170
4 16180
4 16190
4 16200
4 16210
4 16220
4 16230
4 16240
4 16250
4 16260
4 16270
4 16280
4 16290
4 16300
4 16310
4 16320
4 16330
4 16340
4 16350
4 16360
4 16370
4 16380
4 16390
4 16400
4 16410
4 16420
4 16430
4 16440In signal handler
13740
3 13750
3 13760
3 13770
3 13780
3 13790
3 13800
3 13810
3 13820
3 13830
3 13840
3 13850
3 13860
3 13870
3 13880
3 13890
3 13900
3 13910
3 13920
3 13930
3 13940
3 13950
3 13960
3 13970
3 13980
3 13990
3 14000
3 14010
3 14020
3 14030
3 14040
3 14050
3 14060
3 14070
3 14080
3 14090
3 14100
3 14110
3 14120
3 14130
3 14140
3 14150
3 14160
3 14170
3 14180
3 14190
3 14200
3 14210
3 14220
3 14230
3 14240
3 14250
3 14260
3 14270
3 14280
3 14290
3 14300
3 14310
3 14320
3 14330
3 14340
3 14350
3 14360
3 14370
3 14380
3 14390
3 14400
3 14410
3 14420
3 14430
3 14440
3 14450
3 14460
3 14470
3 14480
3 14490
3 14500
3 14510
3 14520
3 14530
3 14540
3 14550
3 14560
3 14570
3 14580
3 14590
3 14600
3 14610
3 14620
3 14630
3 14640
3 14650
3 14660
3 14670
3 14680
3 14690
3 14700
3 14710
3 14720
3 14730
3 14740
3 14750
3 14760
3 14770
3 14780
3 14790
3 14800
3 14810
3 14820
3 14830
3 14840
3 14850
3 14860
3 14870
3 14880
3 14890
3 14900
3 14910
3 14920
3 14930
3 14940
3 14950
3 14960
3 14970
3 14980
3 14990
3 15000
3 15010
3 15020
3 15030
3 15040
3 15050
3 15060
3 15070
3 15080
3 15090
3 15100
3 15110
3 15120
3 15130
3 15140
3 15150
3 15160
3 15170
3 15180
3 15190
3 15200
3 15210
3 15220
3 15230
3 15240
3 15250
3 15260
3 15270
3 15280
3 15290
3 15300
3 15310
3 15320
3 15330
3 15340
3 15350
3 15360
3 15370
3 15380
3 15390
3 15400
3 15410
3 15420
3 15430
3 15440
3 15450
3 15460
3 15470
3 15480
3 15490
3 15500
3 15510
3 15520
3 15530
3 15540
3 15550
3 15560
3 15570
3 15580
3 15590
3 15600
3 15610
3 15620
3 15630
3 15640
3 15650
3 15660
3 15670
3 15680
3 15690
3 15700
3 15710
3 15720
3 15730
3 15740
3 15750
3 15760
3 15770
3 15780
3 15790
3 15800
3 15810
3 15820
3 15830
3 15840
3 15850
3 15860
3 15870
3 15880
3 15890
3 15900
3 15910
3 15920
3 15930
3 15940
3 15950
3 15960
3 15970
3 15980
3 15990
3 16000
3 16010
3 16020
3 16030
3 16040
3 16050
3 16060
3 16070
3 16080
3 16090
3 16100
3 16110
3 16120
3 16130
3 16140
3 16150
3 16160
3 16170
3 16180
3 16190
3 16200
3 16210
3 16220
3 16230
3 16240
3 16250
3 16260
3 16270
3 16280
3 16290
3 16300
3 16310
3 16320
3 16330
3 16340
3 16350
3 16360
3 16370
3 16380
3 16390
3 16400
3 16410
3 16420
3 16430
3 16440
3 16450
3 16460
3 16470
3 16480
3 16490
3 16500
3 16510
3 16520
3 16530
3 16540
3 16550
3 16560
3 16570
3 16580
3 16590
3 16600
3 16610
3 16620
3 16630
3 16640
3 16650
3 16660
3 16670
3 16680
3 16690
3 16700
3 16710
3 16720
3 16730
3 16740
3 16750
3 16760
3 16770
3 16780
3 16790
3 16800
3 16810
3 16820
3 16830
3 16840
3 16850
3 16860
3 16870
3 16880
3 16890
3 16900
3 16910
3 16920
3 16930
3 16940
3 16950
3 16960
3 16970
3 16980
3 16990
3 17000
3 17010
3 17020
3 17030
3 17040
3 17050
3 17060
3 17070
3 17080
3 17090
3 17100
3 17110
3 17120
3 17130
3 17140
3 17150
3 17160
3 17170
3 17180
3 17190
3 17200
3 17210
3 17220
3 17230
3 17240
3 17250
3 17260
3 17270
3 17280
3 17290
3 17300
3 17310
3 17320
3 17330
3 17340
3 17350
3 17360
3 17370
3 17380
3 17390
3 17400
3 17410
3 17420
3 17430
3 17440
3 17450
3 17460
3 17470
3 17480
3 17490
3 17500
3 17510
3 17520
3 17530
3 17540
3 17550
3 17560
3 17570
3 17580
3 17590
3 17600
3 17610
3 17620
3 17630
3 17640
3 17650
3 17660
3 17670
3 17680
3 17690
3 17700
3 17710
3 17720
3 17730
3 17740
3 17750
3 17760
3 17770
3 17780
3 17790
3 17800
3 17810
3 17820
3 17830
3 17840
3 17850
3 17860
3 17870
3 17880
3 17890
3 17900
3 17910
3 17920
3 17930
3 17940
3 17950
3 17960
3 17970
3 17980
3 17990
In signal handler
18830
4 18840
4 18850
4 18860
4 18870
4 18880
4 18890
4 18900
4 18910
4 18920
4 18930
4 18940
4 18950
4 18960
4 18970
4 18980
4 18990
4 19000
4 19010
4 19020
4 19030
4 19040
4 19050
4 19060
4 19070
4 19080
4 19090
4 19100
4 19110
4 19120
4 19130
4 19140
4 19150
4 19160
4 19170
4 19180
4 19190
4 19200
4 19210
4 19220
4 19230
4 19240
4 19250
4 19260
4 19270
4 19280
4 19290
4 19300
4 19310
4 19320
4 19330
4 19340
4 19350
4 19360
4 19370
4 19380
4 19390
4 19400
4 19410
4 19420
4 19430
4 19440
4 19450
4 19460
4 19470
4 19480
4 19490
4 19500
4 19510
4 19520
4 19530
4 19540
4 19550
4 19560
4 19570
4 19580
4 19590
4 19600
4 19610
4 19620
4 19630
4 19640
4 19650
4 19660
4 19670
4 19680
4 19690
4 19700
4 19710
4 19720
4 19730
4 19740
4 19750
4 19760
4 19770
4 19780
4 19790
4 19800
4 19810
4 19820
4 19830
4 19840
4 19850
4 19860
4 19870
4 19880
4 19890
4 19900
4 19910
4 19920
4 19930
4 19940
4 19950
4 19960
4 19970
4 19980
4 19990
4 20000
4 20010
4 20020
4 20030
4 20040
4 20050
4 20060
4 20070
4 20080
4 20090
4 20100
4 20110
4 20120
4 20130
4 20140
4 20150
4 20160
4 20170
4 20180
4 20190
4 20200
4 20210
4 20220
4 20230
4 20240
4 20250
4 20260
4 20270
4 20280
4 20290
4 20300
4 20310
4 20320
4 20330
4 20340
4 20350
4 20360
4 20370
4 20380
4 20390
4 20400
4 20410
4 20420
4 20430
4 In signal handler
530
3 14540
3 14550
3 14560
3 14570
3 14580
3 14590
3 14600
3 14610
3 14620
3 14630
3 14640
3 14650
3 14660
3 14670
3 14680
3 14690
3 14700
3 14710
3 14720
3 14730
3 14740
3 14750
3 14760
3 14770
3 14780
3 14790
3 14800
3 14810
3 14820
3 14830
3 14840
3 14850
3 14860
3 14870
3 14880
3 14890
3 14900
3 14910
3 14920
3 14930
3 14940
3 14950
3 14960
3 14970
3 14980
3 14990
3 15000
3 15010
3 15020
3 15030
3 15040
3 15050
3 15060
3 15070
3 15080
3 15090
3 15100
3 15110
3 15120
3 15130
3 15140
3 15150
3 15160
3 15170
3 15180
3 15190
3 15200
3 15210
3 15220
3 15230
3 15240
3 15250
3 15260
3 15270
3 15280
3 15290
3 15300
3 15310
3 15320
3 15330
3 15340
3 15350
3 15360
3 15370
3 15380
3 15390
3 15400
3 15410
3 15420
3 15430
3 15440
3 15450
3 15460
3 15470
3 15480
3 15490
3 15500
3 15510
3 15520
3 15530
3 15540
3 15550
3 15560
3 15570
3 15580
3 15590
3 15600
3 15610
3 15620
3 15630
3 15640
3 15650
3 15660
3 15670
3 15680
3 15690
3 15700
3 15710
3 15720
3 15730
3 15740
3 15750
3 15760
3 15770
3 15780
3 15790
3 15800
3 15810
3 15820
3 15830
3 15840
3 15850
3 15860
3 15870
3 15880
3 15890
3 15900
3 15910
3 15920
3 15930
3 15940
3 15950
3 15960
3 15970
3 15980
3 15990
3 16000
3 16010
3 16020
3 16030
3 16040
3 16050
3 16060
3 16070
3 16080
3 16090
3 16100
3 16110
3 16120
3 16130
3 16140
3 16150
3 16160
3 16170
3 16180
3 16190
3 16200
3 16210
3 16220
3 16230
3 16240
3 16250
3 16260
3 16270
3 16280
3 16290
3 16300
3 16310
3 16320
3 16330
3 16340
3 16350
3 16360
3 16370
3 16380
3 16390
3 16400
3 16410
3 16420
3 16430
3 16440
3 16450
3 16460
3 16470
3 16480
3 16490
3 16500
3 16510
3 16520
3 16530
3 16540
3 16550
3 16560
3 16570
3 16580
3 16590
3 16600
3 16610
3 16620
3 16630
3 16640
3 16650
3 16660
3 16670
3 16680
3 16690
3 16700
3 16710
3 16720
3 16730
3 16740
3 16750
3 16760
3 16770
3 16780
3 16790
3 16800
3 16810
3 16820
3 16830
3 16840
3 16850
3 16860
3 16870
3 16880
3 16890
3 16900
3 16910
3 16920
3 16930
3 16940
3 16950
3 16960
3 16970
3 16980
3 16990
3 17000
3 17010
3 17020
3 17030
3 17040
3 17050
3 17060
3 17070
3 17080
3 17090
3 17100
3 17110
3 17120
3 17130
3 17140
3 17150
3 17160
3 17170
3 17180
3 17190
3 17200
3 17210
3 17220
3 17230
3 17240
3 17250
3 17260
3 17270
3 17280
3 17290
3 17300
3 17310
3 17320
3 17330
3 17340
3 17350
3 17360
3 17370
3 17380
3 17390
3 17400
3 17410
3 17420
3 17430
3 17440
3 17450
3 17460
3 17470
3 17480
3 17490
3 17500
3 17510
3 17520
3 17530
3 17540
3 17550
3 17560
3 17570
3 17580
3 17590
3 17600
3 17610
3 17620
3 17630
3 17640
3 17650
3 17660
3 17670
3 17680
3 17690
3 17700
3 17710
3 17720
3 17730
3 17740
3 17750
3 17760
3 17770
3 17780
3 17790
3 17800
3 17810
3 17820
3 17830
3 17840
3 17850
3 17860
3 17870
3 17880
3 17890
3 17900
3 17910
3 17920
3 17930
3 17940
3 17950
3 17960
3 17970
3 17980
3 17990
3 18000
3 18010
3 18020
3 18030
3 18040
3 18050
3 18060
3 18070
3 18080
3 18090
3 18100
3 18110
3 18120
3 18130
3 18140
3 18150
3 18160
3 18170
3 18180
3 18190
3 18200
3 18210
3 18220
3 18230
3 18240
3 18250
3 18260
3 18270
3 18280
3 18290
3 18300
3 18310
3 18320
3 18330
3 18340
3 18350
3 18360
3 18370
3 18380
3 18390
3 18400
3 18410
3 18420
3 18430
3 18440
3 18450
3 18460
3 18470
3 18480
3 18490
3 18500
3 18510
3 18520
3 18530
3 18540
3 18550
3 18560
3 18570
3 18580
3 18590
3 18600
3 18610
3 18620
3 18630
3 18640
3 18650
3 18660
3 18670
3 18680
3 18690
3 18700
3 18710
3 18720
3 18730
3 18740
3 18750
3 18760
3 18770
3 18780
3 18790
3 18800
3 18810
3 18820
3 18830
3 18840
3 18850
3 18860
3 18870
3 18880
3 18890
3 18900
3 18910
3 18920
3 18930
3 18940
3 18950
3 18960
3 18970
3 18980
3 18990
3 19000
3 19010
3 19020
3 19030
3 19040
3 19050
3 19060
3 19070
3 19080
3 19090
3 19100
3 19110
3 19120
3 19130
3 19140
3 19150
3 19160
3 19170
3 19180
3 19190
3 19200
3 19210
3 19220
3 19230
3 19240
3 19250
3 19260
3 19270
3 19280
3 19290
3 19300
3 19310
3 19320
3 19330
3 19340
3 19350
3 19360
3 19370
3 19380
3 19390
3 19400
3 19410
3 19420
3 19430
3 19440
3 19450
3 19460
3 19470
3 19480
3 19490
3 19500
3 19510
3 19520
3 19530
3 19540
3 19550
3 19560
3 19570
3 19580
3 19590
3 19600
3 19610
3 19620
3 19630
3 19640
3 19650
3 19660
3 19670
3 19680
3 19690
3 19700
3 19710
3 19720
3 19730
3 19740
3 19750
3 19760
3 19770
3 19780
3 19790
3 19800
3 19810
3 19820
3 19830
3 19840
3 19850
3 19860
3 19870
3 19880
3 19890
3 19900
3 19910
3 19920
3 19930
3 19940
3 19950
3 19960
3 19970
3 19980
3 19990
3 20000
3 20010
3 20020
3 20030
3 20040
3 20050
3 20060
3 20070
3 20080
3 20090
3 20100
3 20110
3 20120
3 20130
3 20140
3 20150
3 20160
3 20170
3 20180
3 In signal handler
20440
4 20450
4 20460
4 20470
4 20480
4 20490
4 20500
4 20510
4 20520
4 20530
4 20540
4 20550
4 20560
4 20570
4 20580
4 20590
4 20600
4 20610
4 20620
4 20630
4 20640
4 20650
4 20660
4 20670
4 20680
4 20690
4 20700
4 20710
4 20720
4 20730
4 20740
4 20750
4 20760
4 20770
4 20780
4 20790
4 20800
4 20810
4 20820
4 20830
4 20840
4 20850
4 20860
4 20870
4 20880
4 20890
4 20900
4 20910
4 20920
4 20930
4 20940
4 20950
4 20960
4 20970
4 20980
4 20990
4 21000
4 21010
4 21020
4 21030
4 21040
4 21050
4 21060
4 21070
4 21080
4 21090
4 21100
4 21110
4 21120
4 21130
4 21140
4 21150
4 21160
4 21170
4 21180
4 21190
4 21200
4 21210
4 21220
4 21230
4 21240
4 21250
4 21260
4 21270
4 21280
4 21290
4 21300
4 21310
4 21320
4 21330
4 21340
4 21350
4 21360
4 21370
4 21380
4 21390
4 21400
4 21410
4 21420
4 21430
4 21440
4 21450
4 21460
4 21470
4 21480
4 21490
4 21500
4 21510
4 21520
4 21530
4 21540
4 21550
4 21560
4 21570
4 21580
4 21590
4 21600
4 21610
4 21620
4 21630
4 21640
4 21650
4 21660
4 21670
4 21680
4 21690
4 21700
4 21710
4 21720
4 21730
4 21740
4 21750
4 21760
4 21770
4 21780
4 21790
4 21800
4 21810
4 21820
4 21830
4 21840
4 21850
4 21860
4 21870
4 21880
4 21890
4 21900
4 21910
4 21920
4 21930
4 21940
4 21950
4 21960
4 21970
4 21980
4 21990
4 22000
4 22010
4 22020
4 22030
4 22040
4 22050
4 22060
4 22070
4 22080
4 22090
4 22100
4 22110
4 22120
4 22130
4 22140
4 22150
4 22160
4 22170
4 22180
4 22190
4 22200
4 22210
4 22220
4 22230
4 22240
4 22250
4 22260
4 22270
4 22280
4 22290
4 22300
4 22310
4 22320
4 22330
4 22340
4 22350
4 22360
4 22370
4 22380
4 22390
4 22400
4 22410
4 22420
4 22430
4 22440
4 22450
4 22460
4 22470
4 22480
4 22490
4 22500
4 22510
4 22520
4 22530
4 22540
4 22550
4 22560
4 22570
4 22580
4 22590
4 22600
4 22610
4 22620
4 22630
4 22640
4 22650
4 22660
4 22670
4 22680
4 22690
4 22700
4 22710
4 22720
4 22730
4 22740
4 22750
4 22760
4 22770
4 22780
4 22790
4 22800
4 22810
4 22820
4 22830
4 22840
4 22850
4 22860
4 22870
4 22880
4 22890
4 22900
4 22910
4 22920
4 22930
4 22940
4 22950
4 22960
4 22970
4 22980
4 22990
4 23000
4 23010
4 23020
4 23030
4 23040
4 23050
4 23060
4 23070
4 23080
4 23090
4 23100
4 23110
4 23120
4 23130
4 23140
4 23150
4 23160
4 23170
4 23180
4 23190
4 23200
4 23210
4 23220
4 23230
4 23240
4 23250
4 23260In signal handler
20190
3 20200
3 20210
3 20220
3 20230
3 20240
3 20250
3 20260
3 20270
3 20280
3 20290
3 20300
3 20310
3 20320
3 20330
3 20340
3 20350
3 20360
3 20370
3 20380
3 20390
3 20400
3 20410
3 20420
3 20430
3 20440
3 20450
3 20460
3 20470
3 20480
3 20490
3 20500
3 20510
3 20520
3 20530
3 20540
3 20550
3 20560
3 20570
3 20580
3 20590
3 20600
3 20610
3 20620
3 20630
3 20640
3 20650
3 20660
3 20670
3 20680
3 20690
3 20700
3 20710
3 20720
3 20730
3 20740
3 20750
3 20760
3 20770
3 20780
3 20790
3 20800
3 20810
3 20820
3 20830
3 20840
3 20850
3 20860
3 20870
3 20880
3 20890
3 20900
3 20910
3 20920
3 20930
3 20940
3 20950
3 20960
3 20970
3 20980
3 20990
3 21000
3 21010
3 21020
3 21030
3 21040
3 21050
3 21060
3 21070
3 21080
3 21090
3 21100
3 21110
3 21120
3 21130
3 21140
3 21150
3 21160
3 21170
3 21180
3 21190
3 21200
3 21210
3 21220
3 21230
3 21240
3 21250
3 21260
3 21270
3 21280
3 21290
3 21300
3 21310
3 21320
3 21330
3 21340
3 21350
3 21360
3 21370
3 21380
3 21390
3 21400
3 21410
3 21420
3 21430
3 21440
3 21450
3 21460
3 21470
3 21480
3 21490
3 21500
3 21510
3 21520
3 21530
3 21540
3 21550
3 21560
3 21570
3 21580
3 21590
3 21600
3 21610
3 21620
3 21630
3 21640
3 21650
3 21660
3 21670
3 21680
3 21690
3 21700
3 21710
3 21720
3 21730
3 21740
3 21750
3 21760
3 21770
3 21780
3 21790
3 21800
3 21810
3 21820
3 21830
3 21840
3 21850
3 21860
3 21870
3 21880
3 21890
3 21900
3 21910
3 21920
3 21930
3 21940
3 21950
3 21960
3 21970
3 21980
3 21990
3 22000
3 22010
3 22020
3 22030
3 22040
3 22050
3 22060
3 22070
3 22080
3 22090
3 22100
3 22110
3 22120
3 22130
3 22140
3 22150
3 22160
3 22170
3 22180
3 22190
3 22200
3 22210
3 22220
3 22230
3 22240
3 22250
3 22260
3 22270
3 22280
3 22290
3 22300
3 22310
3 22320
3 22330
3 22340
3 22350
3 22360
3 22370
3 22380
3 22390
3 22400
3 22410
3 22420
3 22430
3 22440
3 22450
3 22460
In signal handler

4 23270
4 23280
4 23290
4 23300
4 23310
4 23320
4 23330
4 23340
4 23350
4 23360
4 23370
4 23380
4 23390
4 23400
4 23410
4 23420
4 23430
4 23440
4 23450
4 23460
4 23470
4 23480
4 23490
4 23500
4 23510
4 23520
4 23530
4 23540
4 23550
4 23560
4 23570
4 23580
4 23590
4 23600
4 23610
4 23620
4 23630
4 23640
4 23650
4 23660
4 23670
4 23680
4 23690
4 23700
4 23710
4 23720
4 23730
4 23740
4 23750
4 23760
4 23770
4 23780
4 23790
4 23800
4 23810
4 23820
4 23830
4 23840
4 23850
4 23860
4 23870
4 23880
4 23890
4 23900
4 23910
4 23920
4 23930
4 23940
4 23950
4 23960
4 23970
4 23980
4 23990
4 24000
4 24010
4 24020
4 24030
4 24040
4 24050
4 24060
4 24070
4 24080
4 24090
4 24100
4 24110
4 24120
4 24130
4 24140
4 24150
4 24160
4 24170
4 24180
4 24190
4 24200
4 24210
4 24220
4 24230
4 24240
4 24250
4 24260
4 24270
4 24280
4 24290
4 24300
4 24310
4 24320
4 24330
4 24340
4 24350
4 24360
4 24370
4 24380
4 24390
4 24400
4 24410
4 24420
4 24430
4 24440
4 24450
4 24460
4 24470
4 24480
4 24490
4 24500
4 24510
4 24520
4 24530
4 24540
4 24550
4 24560
4 24570
4 24580
4 24590
4 24600
4 24610
4 24620
4 24630
4 24640
4 24650
4 24660
4 24670
4 24680
4 24690
4 24700
4 24710
4 24720
4 24730
4 24740
4 24750
4 24760
4 24770
4 24780
4 24790
4 24800
4 24810
4 24820
4 24830
4 24840
4 24850
4 24860
4 24870
4 24880
4 24890
4 24900
4 24910
4 24920
4 24930
4 24940
4 24950
4 24960
4 24970
4 24980
4 24990
4 25000
4 25010
4 25020
4 25030
4 25040
4 25050
4 25060
4 25070
4 25080
4 25090
4 25100
4 25110
4 25120
4 25130
4 25140
4 25150
4 25160
4 25170
4 25180
4 25190
4 25200
4 25210
4 25220
4 25230
4 25240
4 25250
4 25260
4 25270
4 25280
4 25290
4 25300
4 25310
4 25320
4 25330
4 25340
4 25350
4 25360
4 25370
4 25380
4 25390
4 25400
4 25410
4 25420
4 25430
4 25440
4 25450
4 25460
4 25470
4 25480
4 25490
4 25500
4 25510
4 25520
4 25530
4 25540
4 25550
4 25560
4 25570
4 25580
4 25590
4 25600
4 25610
4 25620
4 25630
4 25640
4 25650
4 25660
4 25670
4 25680
4 25690
4 25700
4 25710
4 25720
4 25730
4 25740
4 25750
4 25760
4 25770
4 25780
4 25790
4 25800
4 25810
4 25820
4 25830
4 25840
4 25850
4 25860
4 25870
4 25880
4 25890
4 25900
4 25910
4 In signal handler
3 22470
3 22480
3 22490
3 22500
3 22510
3 22520
3 22530
3 22540
3 22550
3 22560
3 22570
3 22580
3 22590
3 22600
3 22610
3 22620
3 22630
3 22640
3 22650
3 22660
3 22670
3 22680
3 22690
3 22700
3 22710
3 22720
3 22730
3 22740
3 22750
3 22760
3 22770
3 22780
3 22790
3 22800
3 22810
3 22820
3 22830
3 22840
3 22850
3 22860
3 22870
3 22880
3 22890
3 22900
3 22910
3 22920
3 22930
3 22940
3 22950
3 22960
3 22970
3 22980
3 22990
3 23000
3 23010
3 23020
3 23030
3 23040
3 23050
3 23060
3 23070
3 23080
3 23090
3 23100
3 23110
3 23120
3 23130
3 23140
3 23150
3 23160
3 23170
3 23180
3 23190
3 23200
3 23210
3 23220
3 23230
3 23240
3 23250
3 23260
3 23270
3 23280
3 23290
3 23300
3 23310
3 23320
3 23330
3 23340
3 23350
3 23360
3 23370
3 23380
3 23390
3 23400
3 23410
3 23420
3 23430
3 23440
3 23450
3 23460
3 23470
3 23480
3 23490
3 23500
3 23510
3 23520
3 23530
3 23540
3 23550
3 23560
3 23570
3 23580
3 23590
3 23600
3 23610
3 23620
3 23630
3 23640
3 23650
3 23660
3 23670
3 23680
3 23690
3 23700
3 23710
3 23720
3 23730
3 23740
3 23750
3 23760
3 23770
3 23780
3 23790
3 23800
3 23810
3 23820
3 23830
3 23840
3 23850
3 23860
3 23870
3 23880
3 23890
3 23900
3 23910
3 23920
3 23930
3 23940
3 23950
3 23960
3 23970
3 23980
3 23990
3 24000
3 24010
3 24020
3 24030
3 24040
3 24050
3 24060
3 24070
3 24080
3 24090
3 24100
3 24110
3 24120
3 24130
3 24140
3 24150
3 24160
3 24170
3 24180
3 24190
3 24200
3 24210
3 24220
3 24230
3 24240
3 24250
3 24260
3 24270
3 24280
3 24290
3 24300
3 24310
3 24320
3 24330
3 24340
3 24350
3 24360
3 24370
3 24380
3 24390
3 24400
3 24410
3 24420
3 24430
3 24440
3 24450
3 24460
3 24470
3 24480
3 24490
3 24500
3 24510
3 24520
3 24530
3 24540
3 24550
3 24560
3 24570
3 24580
3 24590
3 24600
3 24610
3 24620
3 24630
3 24640
3 24650
3 24660
3 24670
3 24680
3 24690
3 24700
3 24710
3 24720
3 24730
3 24740
3 24750
3 24760
In signal handler
25920
4 25930
4 25940
4 25950
4 25960
4 25970
4 25980
4 25990
4 26000
4 26010
4 26020
4 26030
4 26040
4 26050
4 26060
4 26070
4 26080
4 26090
4 26100
4 26110
4 26120
4 26130
4 26140
4 26150
4 26160
4 26170
4 26180
4 26190
4 26200
4 26210
4 26220
4 26230
4 26240
4 26250
4 26260
4 26270
4 26280
4 26290
4 26300
4 26310
4 26320
4 26330
4 26340
4 26350
4 26360
4 26370
4 26380
4 26390
4 26400
4 26410
4 26420
4 26430
4 26440
4 26450
4 26460
4 26470
4 26480
4 26490
4 26500
4 26510
4 26520
4 26530
4 26540
4 26550
4 26560
4 26570
4 26580
4 26590
4 26600
4 26610
4 26620
4 26630
4 26640
4 26650
4 26660
4 26670
4 26680
4 26690
4 26700
4 26710
4 26720
4 26730
4 26740
4 26750
4 26760
4 26770
4 26780
4 26790
4 26800
4 26810
4 26820
4 26830
4 26840
4 26850
4 26860
4 26870
4 26880
4 26890
4 26900
4 26910
4 26920
4 26930
4 26940
4 26950
4 26960
4 26970
4 26980
4 26990
4 27000
4 27010
4 27020
4 27030
4 27040
4 27050
4 27060
4 27070
4 27080
4 27090
4 27100
4 27110
4 27120
4 27130
4 27140
4 27150
4 27160
4 27170
4 27180
4 27190
4 27200
4 27210
4 27220
4 27230
4 27240
4 27250
4 27260
4 27270
4 27280
4 27290
4 27300
4 27310
4 27320
4 27330
4 27340
4 27350
4 27360
4 27370
4 27380
4 27390
4 27400
4 27410
4 27420
4 27430
4 27440
4 27450
4 27460
4 27470
4 27480
4 27490
4 27500
4 27510
4 27520
4 27530
4 27540
4 27550
4 27560
4 27570
4 27580
4 27590
4 27600
4 27610
4 27620
4 27630
4 27640
4 27650
4 27660
4 27670
4 27680
4 27690
4 27700
4 27710
4 27720
4 27730
4 27740
4 27750
4 27760
4 27770
4 27780
4 27790
4 27800
4 27810
4 27820
4 27830
4 27840
4 27850
4 27860
4 27870
4 27880
4 27890
4 27900
4 27910
4 27920
4 27930
4 27940
4 27950
4 27960
4 27970
4 27980
4 27990
4 28000
4 28010
4 28020
4 28030
4 28040
4 28050
4 28060
4 28070
4 28080
4 28090
4 28100
4 28110
4 28120
4 28130
4 28140
4 28150
4 28160
4 28170
4 28180
4 28190
4 28200
4 28210
4 28220
4 28230
4 28240
4 28250
4 28260
4 28270
4 28280
4 28290
4 28300
4 28310
4 28320
4 28330
4 28340
4 28350
4 28360
4 28370
4 28380
4 28390
4 28400
4 28410
4 28420
4 28430
4 28440
4 28450
4 28460
4 28470
4 28480
4 28490
4 In signal handler
3 24770
3 24780
3 24790
3 24800
3 24810
3 24820
3 24830
3 24840
3 24850
3 24860
3 24870
3 24880
3 24890
3 24900
3 24910
3 24920
3 24930
3 24940
3 24950
3 24960
3 24970
3 24980
3 24990
3 25000
3 25010
3 25020
3 25030
3 25040
3 25050
3 25060
3 25070
3 25080
3 25090
3 25100
3 25110
3 25120
3 25130
3 25140
3 25150
3 25160
3 25170
3 25180
3 25190
3 25200
3 25210
3 25220
3 25230
3 25240
3 25250
3 25260
3 25270
3 25280
3 25290
3 25300
3 25310
3 25320
3 25330
3 25340
3 25350
3 25360
3 25370
3 25380
3 25390
3 25400
3 25410
3 25420
3 25430
3 25440
3 25450
3 25460
3 25470
3 25480
3 25490
3 25500
3 25510
3 25520
3 25530
3 25540
3 25550
3 25560
3 25570
3 25580
3 25590
3 25600
3 25610
3 25620
3 25630
3 25640
3 25650
3 25660
3 25670
3 25680
3 25690
3 25700
3 25710
3 25720
3 25730
3 25740
3 25750
3 25760
3 25770
3 25780
3 25790
3 25800
3 25810
3 25820
3 25830
3 25840
3 25850
3 25860
3 25870
3 25880
3 25890
3 25900
3 25910
3 25920
3 25930
3 25940
3 25950
3 25960
3 25970
3 25980
3 25990
3 26000
3 26010
3 26020
3 26030
3 26040
3 26050
3 26060
3 26070
3 26080
3 26090
3 26100
3 26110
3 26120
3 26130
3 26140
3 26150
3 26160
3 26170
3 26180
3 26190
3 26200
3 26210
3 26220
3 26230
3 26240
3 26250
3 26260
3 26270
3 26280
3 26290
3 26300
3 26310
3 26320
3 26330
3 26340
3 26350
3 26360
3 26370
3 26380
3 26390
3 26400
3 26410
3 26420
3 26430
3 26440
3 26450
3 26460
3 26470
3 26480
3 26490
3 26500
3 26510
3 26520
3 26530
3 26540
3 26550
3 26560
3 26570
3 26580
3 26590
3 26600
3 26610
3 26620
3 26630
3 26640
3 26650
3 26660
3 26670
3 26680
3 26690
3 26700
3 26710
3 26720
3 26730
3 26740
3 26750
3 26760
3 26770
3 26780
3 26790
3 26800
3 26810
3 26820
3 26830
3 26840
3 26850
3 26860
3 26870
3 26880
3 26890
3 26900
3 26910
3 26920
3 26930
3 26940
3 26950
3 26960
3 26970
3 26980
3 26990
3 27000
3 27010
3 27020
3 In signal handler
28500
4 28510
4 28520
4 28530
4 28540
4 28550
4 28560
4 28570
4 28580
4 28590
4 28600
4 28610
4 28620
4 28630
4 28640
4 28650
4 28660
4 28670
4 28680
4 28690
4 28700
4 28710
4 28720
4 28730
4 28740
4 28750
4 28760
4 28770
4 28780
4 28790
4 28800
4 28810
4 28820
4 28830
4 28840
4 28850
4 28860
4 28870
4 28880
4 28890
4 28900
4 28910
4 28920
4 28930
4 28940
4 28950
4 28960
4 28970
4 28980
4 28990
4 29000
4 29010
4 29020
4 29030
4 29040
4 29050
4 29060
4 29070
4 29080
4 29090
4 29100
4 29110
4 29120
4 29130
4 29140
4 29150
4 29160
4 29170
4 29180
4 29190
4 29200
4 29210
4 29220
4 29230
4 29240
4 29250
4 29260
4 29270
4 29280
4 29290
4 29300
4 29310
4 29320
4 29330
4 29340
4 29350
4 29360
4 29370
4 29380
4 29390
4 29400
4 29410
4 29420
4 29430
4 29440
4 29450
4 29460
4 29470
4 29480
4 29490
4 29500
4 29510
4 29520
4 29530
4 29540
4 29550
4 29560
4 29570
4 29580
4 29590
4 29600
4 29610
4 29620
4 29630
4 29640
4 29650
4 29660
4 29670
4 29680
4 29690
4 29700
4 29710
4 29720
4 29730
4 29740
4 29750
4 29760
4 29770
4 29780
4 29790
4 29800
4 29810
4 29820
4 29830
4 29840
4 29850
4 29860
4 29870
4 29880
4 29890
4 29900
4 29910
4 29920
4 29930
4 29940
4 29950
4 29960
4 29970
4 29980
4 29990
thread4 exiting
27030
3 27040
3 27050
3 27060
3 27070
3 27080
3 27090
3 27100
3 27110
3 27120
3 27130
3 27140
3 27150
3 27160
3 27170
3 27180
3 27190
3 27200
3 27210
3 27220
3 27230
3 27240
3 27250
3 27260
3 27270
3 27280
3 27290
3 27300
3 27310
3 27320
3 27330
3 27340
3 27350
3 27360
3 27370
3 27380
3 27390
3 27400
3 27410
3 27420
3 27430
3 27440
3 27450
3 27460
3 27470
3 27480
3 27490
3 27500
3 27510
3 27520
3 27530
3 27540
3 27550
3 27560
3 27570
3 27580
3 27590
3 27600
3 27610
3 27620
3 27630
3 27640
3 27650
3 27660
3 27670
3 27680
3 27690
3 27700
3 27710
3 27720
3 27730
3 27740
3 27750
3 27760
3 27770
3 27780
3 27790
3 27800
3 27810
3 27820
3 27830
3 27840
3 27850
3 27860
3 27870
3 27880
3 27890
3 27900
3 27910
3 27920
3 27930
3 27940
3 27950
3 27960
3 27970
3 27980
3 27990
3 28000
3 28010
3 28020
3 28030
3 28040
3 28050
3 28060
3 28070
3 28080
3 28090
3 28100
3 28110
3 28120
3 28130
3 28140
3 28150
3 28160
3 28170
3 28180
3 28190
3 28200
3 28210
3 28220
3 28230
3 28240
3 28250
3 28260
3 28270
3 28280
3 28290
3 28300
3 28310
3 28320
3 28330
3 28340
3 28350
3 28360
3 28370
3 28380
3 28390
3 28400
3 28410
3 28420
3 28430
3 28440
3 28450
3 28460
3 28470
3 28480
3 28490
3 28500
3 28510
3 28520
3 28530
3 28540
3 28550
3 28560
3 28570
3 28580
3 28590
3 28600
3 28610
3 28620
3 28630
3 28640
3 28650
3 28660
3 28670
3 28680
3 28690
3 28700
3 28710
3 28720
3 28730
3 28740
3 28750
3 28760
3 28770
3 28780
3 28790
3 28800
3 28810
3 28820
3 28830
3 28840
3 28850
3 28860
3 28870
3 28880
3 28890
3 28900
3 28910
3 28920
3 28930
3 28940
3 28950
3 28960
3 28970
3 28980
3 28990
3 29000
3 29010
3 29020
3 29030
3 29040
3 29050
3 29060
3 29070
3 29080
3 29090
3 29100
3 29110
3 29120
3 29130
3 29140
3 29150
3 29160
3 29170
3 29180
3 29190
3 25620
3 25630
3 25640
3 25650
3 25660
3 25670
3 25680
3 25690
3 25700
3 25710
3 25720
3 25730
3 25740
3 25750
3 25760
3 25770
3 25780
3 25790
3 25800
3 25810
3 25820
3 25830
3 25840
3 25850
3 25860
3 25870
3 25880
3 25890
3 25900
3 25910
3 25920
3 25930
3 25940
3 25950
3 25960
3 25970
3 25980
3 25990
3 26000
3 26010
3 26020
3 26030
3 26040
3 26050
3 26060
3 26070
3 26080
3 26090
3 26100
3 26110
3 26120
3 26130
3 26140
3 26150
3 26160
3 26170
3 26180
3 26190
3 26200
3 26210
3 26220
3 26230
3 26240
3 26250
3 26260
3 26270
3 26280
3 26290
3 26300
3 26310
3 26320
3 26330
3 26340
3 26350
3 26360
3 26370
3 26380
3 26390
3 26400
3 26410
3 26420
3 26430
3 26440
3 26450
3 26460
3 26470
3 26480
3 26490
3 26500
3 26510
3 26520
3 26530
3 26540
3 26550
3 26560
3 26570
3 26580
3 26590
3 26600
3 26610
3 26620
3 26630
3 26640
3 26650
3 26660
3 26670
3 26680
3 26690
3 26700
3 26710
3 26720
3 26730
3 26740
3 26750
3 26760
3 26770
3 26780
3 26790
3 26800
3 26810
3 26820
3 26830
3 26840
3 26850
3 26860
3 26870
3 26880
3 26890
3 26900
3 26910
3 26920
3 26930
3 26940
3 26950
3 26960
3 26970
3 26980
3 26990
3 27000
3 27010
3 27020
3 In signal handler
28500
4 28510
4 28520
4 28530
4 28540
4 28550
4 28560
4 28570
4 28580
4 28590
4 28600
4 28610
4 28620
4 28630
4 28640
4 28650
4 28660
4 28670
4 28680
4 28690
4 28700
4 28710
4 28720
4 28730
4 28740
4 28750
4 28760
4 28770
4 28780
4 28790
4 28800
4 28810
4 28820
4 28830
4 28840
4 28850
4 28860
4 28870
4 28880
4 28890
4 28900
4 28910
4 28920
4 28930
4 28940
4 28950
4 28960
4 28970
4 28980
4 28990
4 29000
4 29010
4 29020
4 29030
4 29040
4 29050
4 29060
4 29070
4 29080
4 29090
4 29100
4 29110
4 29120
4 29130
4 29140
4 29150
4 29160
4 29170
4 29180
4 29190
4 29200
4 29210
4 29220
4 29230
4 29240
4 29250
4 29260
4 29270
4 29280
4 29290
4 29300
4 29310
4 29320
4 29330
4 29340
4 29350
4 29360
4 29370
4 29380
4 29390
4 29400
4 29410
4 29420
4 29430
4 29440
4 29450
4 29460
4 29470
4 29480
4 29490
4 29500
4 29510
4 29520
4 29530
4 29540
4 29550
4 29560
4 29570
4 29580
4 29590
4 29600
4 29610
4 29620
4 29630
4 29640
4 29650
4 29660
4 29670
4 29680
4 29690
4 29700
4 29710
4 29720
4 29730
4 29740
4 29750
4 29760
4 29770
4 29780
4 29790
4 29800
4 29810
4 29820
4 29830
4 29840
4 29850
4 29860
4 29870
4 29880
4 29890
4 29900
4 29910
4 29920
4 29930
4 29940
4 29950
4 29960
4 29970
4 29980
4 29990
thread4 exiting
27030
3 27040
3 27050
3 27060
3 27070
3 27080
3 27090
3 27100
3 27110
3 27120
3 27130
3 27140
3 27150
3 27160
3 27170
3 27180
3 27190
3 27200
3 27210
3 27220
3 27230
3 27240
3 27250
3 27260
3 27270
3 27280
3 27290
3 27300
3 27310
3 27320
3 27330
3 27340
3 27350
3 27360
3 27370
3 27380
3 27390
3 27400
3 27410
3 27420
3 27430
3 27440
3 27450
3 27460
3 27470
3 27480
3 27490
3 27500
3 27510
3 27520
3 27530
3 27540
3 27550
3 27560
3 27570
3 27580
3 27590
3 27600
3 27610
3 27620
3 27630
3 27640
3 27650
3 27660
3 27670
3 27680
3 27690
3 27700
3 27710
3 27720
3 27730
3 27740
3 27750
3 27760
3 27770
3 27780
3 27790
3 27800
3 27810
3 27820
3 27830
3 27840
3 27850
3 27860
3 27870
3 27880
3 27890
3 27900
3 27910
3 27920
3 27930
3 27940
3 27950
3 27960
3 27970
3 27980
3 27990
3 28000
3 28010
3 28020
3 28030
3 28040
3 28050
3 28060
3 28070
3 28080
3 28090
3 28100
3 28110
3 28120
3 28130
3 28140
3 28150
3 28160
3 28170
3 28180
3 28190
3 28200
3 28210
3 28220
3 28230
3 28240
3 28250
3 28260
3 28270
3 28280
3 28290
3 28300
3 28310
3 28320
3 28330
3 28340
3 28350
3 28360
3 28370
3 28380
3 28390
3 28400
3 28410
3 28420
3 28430
3 28440
3 28450
3 28460
3 28470
3 28480
3 28490
3 28500
3 28510
3 28520
3 28530
3 28540
3 28550
3 28560
3 28570
3 28580
3 28590
3 28600
3 28610
3 28620
3 28630
3 28640
3 28650
3 28660
3 28670
3 28680
3 28690
3 28700
3 28710
3 28720
3 28730
3 28740
3 28750
3 28760
3 28770
3 28780
3 28790
3 28800
3 28810
3 28820
3 28830
3 28840
3 28850
3 28860
3 28870
3 28880
3 28890
3 28900
3 28910
3 28920
3 28930
3 28940
3 28950
3 28960
3 28970
3 28980
3 28990
3 29000
3 29010
3 29020
3 29030
3 29040
3 29050
3 29060
3 29070
3 29080
3 29090
3 29100
3 29110
3 29120
3 29130
3 29140
3 29150
3 29160
3 29170
3 29180
3 29190
3 29200
3 29210
3 29220
3 29230
3 29240
3 29250
3 29260
3 29270
3 29280
3 29290
3 29300
3 29310
3 29320
3 29330
3 29340
3 29350
3 29360
3 29370
3 29380
3 29390
3 29400
3 29410
3 29420
3 29430
3 29440
3 29450
3 29460
3 29470
3 29480
3 29490
3 29500
3 29510
3 29520
3 29530
3 29540
3 29550
3 29560
3 29570
3 29580
3 29590
3 29600
3 29610
3 29620
3 29630
3 29640
3 29650
3 29660
3 29670
3 29680
3 29690
3 29700
3 29710
3 29720
3 29730
3 29740
3 29750
3 29760
3 29770
3 29780
3 29790
3 29800
3 29810
3 29820
3 29830
3 29840
3 29850
3 29860
3 29870
3 29880
3 29890
3 29900
3 29910
3 29920
3 29930
3 29940
3 29950
3 29960
3 29970
3 29980
3 29990
3 30000
3 30010
3 30020
3 30030
3 30040
3 30050
3 30060
3 30070
3 30080
3 30090
3 30100
3 30110
3 30120
3 30130
3 30140
3 30150
3 30160
3 30170
3 30180
3 30190
3 30200
3 30210
3 30220
3 30230
3 30240
3 30250
3 30260
3 30270
3 30280
3 30290
3 30300
3 30310
3 30320
3 30330
3 30340
3 30350
3 30360
3 30370
3 30380
3 30390
3 30400
3 30410
3 30420
3 30430
3 30440
3 30450
3 30460
3 30470
3 30480
3 30490
3 30500
3 30510
3 30520
3 30530
3 30540
3 30550
3 30560
3 30570
3 30580
3 30590
3 30600
3 30610
3 30620
3 30630
3 30640
3 30650
3 30660
3 30670
3 30680
3 30690
3 30700
3 30710
3 30720
3 30730
3 30740
3 30750
3 30760
3 30770
3 30780
3 30790
3 30800
3 30810
3 30820
3 30830
3 30840
3 30850
3 30860
3 30870
3 30880
3 30890
3 30900
3 30910
3 30920
3 30930
3 30940
3 30950
3 30960
3 30970
3 30980
3 30990
3 31000
3 31010
3 31020
3 31030
3 31040
3 31050
3 31060
3 31070
3 31080
3 31090
3 31100
3 31110
3 31120
3 31130
3 31140
3 31150
3 31160
3 31170
3 31180
3 31190
3 31200
3 31210
3 31220
3 31230
3 31240
3 31250
3 31260
3 31270
3 31280
3 31290
3 31300
3 31310
3 31320
3 31330
3 31340
3 31350
3 31360
3 31370
3 31380
3 31390
3 31400
3 31410
3 31420
3 31430
3 31440
3 31450
3 31460
3 31470
3 31480
3 31490
3 31500
3 31510
3 31520
3 31530
3 31540
3 31550
3 31560
3 31570
3 31580
3 31590
3 31600
3 31610
3 31620
3 31630
3 31640
3 31650
3 31660
3 31670
3 31680
3 31690
3 31700
3 31710
3 31720
3 31730
3 31740
3 31750
3 31760
3 31770
3 In signal handler
31780
3 31790
3 31800
3 31810
3 31820
3 31830
3 31840
3 31850
3 31860
3 31870
3 31880
3 31890
3 31900
3 31910
3 31920
3 31930
3 31940
3 31950
3 31960
3 31970
3 31980
3 31990
3 32000
3 32010
3 32020
3 32030
3 32040
3 32050
3 32060
3 32070
3 32080
3 32090
3 32100
3 32110
3 32120
3 32130
3 32140
3 32150
3 32160
3 32170
3 32180
3 32190
3 32200
3 32210
3 32220
3 32230
3 32240
3 32250
3 32260
3 32270
3 32280
3 32290
3 32300
3 32310
3 32320
3 32330
3 32340
3 32350
3 32360
3 32370
3 32380
3 32390
3 32400
3 32410
3 32420
3 32430
3 32440
3 32450
3 32460
3 32470
3 32480
3 32490
3 32500
3 32510
3 32520
3 32530
3 32540
3 32550
3 32560
3 32570
3 32580
3 32590
3 32600
3 32610
3 32620
3 32630
3 32640
3 32650
3 32660
3 32670
3 32680
3 32690
3 32700
3 32710
3 32720
3 32730
3 32740
3 32750
3 32760
3 32770
3 32780
3 32790
3 32800
3 32810
3 32820
3 32830
3 32840
3 32850
3 32860
3 32870
3 32880
3 32890
3 32900
3 32910
3 32920
3 32930
3 32940
3 32950
3 32960
3 32970
3 32980
3 32990
3 33000
3 33010
3 33020
3 33030
3 33040
3 33050
3 33060
3 33070
3 33080
3 33090
3 33100
3 33110
3 33120
3 33130
3 33140
3 33150
3 33160
3 33170
3 33180
3 33190
3 33200
3 33210
3 33220
3 33230
3 33240
3 33250
3 33260
3 33270
3 33280
3 33290
3 33300
3 33310
3 33320
3 33330
3 33340
3 33350
3 33360
3 33370
3 33380
3 33390
3 33400
3 33410
3 33420
3 33430
3 33440
3 33450
3 33460
3 33470
3 33480
3 33490
3 33500
3 33510
3 33520
3 33530
3 33540
3 33550
3 33560
3 33570
3 33580
3 33590
3 33600
3 33610
3 33620
3 33630
3 33640
3 33650
3 33660
3 33670
3 33680
3 33690
3 33700
3 33710
3 33720
3 33730
3 33740
3 33750
3 33760
3 33770
3 33780
3 33790
3 33800
3 33810
3 33820
3 33830
3 33840
3 33850
3 33860
3 33870
3 33880
3 33890
3 33900
3 33910
3 33920
3 33930
3 33940
3 33950
3 33960
3 33970
3 33980
3 33990
3 34000
3 34010
3 34020
3 34030
3 34040
3 34050
3 34060
3 34070
3 34080
3 34090
3 34100
3 34110
3 34120
3 34130
3 34140
3 34150
3 34160
3 34170
3 34180
3 34190
3 34200
3 34210
3 34220
3 34230
3 34240
3 34250
3 34260
3 34270
3 34280
3 34290
39200
3 29210
3 29220
3 29230
3 29240
3 29250
3 29260
3 29270
3 29280
3 29290
3 29300
3 29310
3 29320
3 29330
3 29340
3 29350
3 29360
3 29370
3 29380
3 29390
3 29400
3 29410
3 29420
3 29430
3 29440
3 29450
3 29460
3 29470
3 29480
3 29490
3 29500
3 29510
3 29520
3 29530
3 29540
3 29550
3 29560
3 29570
3 29580
3 29590
3 29600
3 29610
3 29620
3 29630
3 29640
3 29650
3 29660
3 29670
3 29680
3 29690
3 29700
3 29710
3 29720
3 29730
3 29740
3 29750
3 29760
3 29770
3 29780
3 29790
3 29800
3 29810
3 29820
3 29830
3 29840
3 29850
3 29860
3 29870
3 29880
3 29890
3 29900
3 29910
3 29920
3 29930
3 29940
3 29950
3 29960
3 29970
3 29980
3 29990
3 30000
3 30010
3 30020
3 30030
3 30040
3 30050
3 30060
3 30070
3 30080
3 30090
3 30100
3 30110
3 30120
3 30130
3 30140
3 30150
3 30160
3 30170
3 30180
3 30190
3 30200
3 30210
3 30220
3 30230
3 30240
3 30250
3 30260
3 30270
3 30280
3 30290
3 30300
3 30310
3 30320
3 30330
3 30340
3 30350
3 30360
3 30370
3 30380
3 30390
3 30400
3 30410
3 30420
3 30430
3 30440
3 30450
3 30460
3 30470
3 30480
3 30490
3 30500
3 30510
3 30520
3 30530
3 30540
3 30550
3 30560
3 30570
3 30580
3 30590
3 30600
3 30610
3 30620
3 30630
3 30640
3 30650
3 30660
3 30670
3 30680
3 30690
3 30700
3 30710
3 30720
3 30730
3 30740
3 30750
3 30760
3 30770
3 30780
3 30790
3 30800
3 30810
3 30820
3 30830
3 30840
3 30850
3 30860
3 30870
3 30880
3 30890
3 30900
3 30910
3 30920
3 30930
3 30940
3 30950
3 30960
3 30970
3 30980
3 30990
3 31000
3 31010
3 31020
3 31030
3 31040
3 31050
3 31060
3 31070
3 31080
3 31090
3 31100
3 31110
3 31120
3 31130
3 31140
3 31150
3 31160
3 31170
3 31180
3 31190
3 31200
3 31210
3 31220
3 31230
3 31240
3 31250
3 31260
3 31270
3 31280
3 31290
3 31300
3 31310
3 31320
3 31330
3 31340
3 31350
3 31360
3 31370
3 31380
3 31390
3 31400
3 31410
3 31420
3 31430
3 31440
3 31450
3 31460
3 31470
3 31480
3 31490
3 31500
3 31510
3 31520
3 31530
3 31540
3 31550
3 31560
3 31570
3 31580
3 31590
3 31600
3 31610
3 31620
3 31630
3 31640
3 31650
3 31660
3 31670
3 31680
3 31690
3 31700
3 31710
3 31720
3 31730
3 31740
3 31750
3 31760
3 31770
3 In signal handler
31780
3 31790
3 31800
3 31810
3 31820
3 31830
3 31840
3 31850
3 31860
3 31870
3 31880
3 31890
3 31900
3 31910
3 31920
3 31930
3 31940
3 31950
3 31960
3 31970
3 31980
3 31990
3 32000
3 32010
3 32020
3 32030
3 32040
3 32050
3 32060
3 32070
3 32080
3 32090
3 32100
3 32110
3 32120
3 32130
3 32140
3 32150
3 32160
3 32170
3 32180
3 32190
3 32200
3 32210
3 32220
3 32230
3 32240
3 32250
3 32260
3 32270
3 32280
3 32290
3 32300
3 32310
3 32320
3 32330
3 32340
3 32350
3 32360
3 32370
3 32380
3 32390
3 32400
3 32410
3 32420
3 32430
3 32440
3 32450
3 32460
3 32470
3 32480
3 32490
3 32500
3 32510
3 32520
3 32530
3 32540
3 32550
3 32560
3 32570
3 32580
3 32590
3 32600
3 32610
3 32620
3 32630
3 32640
3 32650
3 32660
3 32670
3 32680
3 32690
3 32700
3 32710
3 32720
3 32730
3 32740
3 32750
3 32760
3 32770
3 32780
3 32790
3 32800
3 32810
3 32820
3 32830
3 32840
3 32850
3 32860
3 32870
3 32880
3 32890
3 32900
3 32910
3 32920
3 32930
3 32940
3 32950
3 32960
3 32970
3 32980
3 32990
3 33000
3 33010
3 33020
3 33030
3 33040
3 33050
3 33060
3 33070
3 33080
3 33090
3 33100
3 33110
3 33120
3 33130
3 33140
3 33150
3 33160
3 33170
3 33180
3 33190
3 33200
3 33210
3 33220
3 33230
3 33240
3 33250
3 33260
3 33270
3 33280
3 33290
3 33300
3 33310
3 33320
3 33330
3 33340
3 33350
3 33360
3 33370
3 33380
3 33390
3 33400
3 33410
3 33420
3 33430
3 33440
3 33450
3 33460
3 33470
3 33480
3 33490
3 33500
3 33510
3 33520
3 33530
3 33540
3 33550
3 33560
3 33570
3 33580
3 33590
3 33600
3 33610
3 33620
3 33630
3 33640
3 33650
3 33660
3 33670
3 33680
3 33690
3 33700
3 33710
3 33720
3 33730
3 33740
3 33750
3 33760
3 33770
3 33780
3 33790
3 33800
3 33810
3 33820
3 33830
3 33840
3 33850
3 33860
3 33870
3 33880
3 33890
3 33900
3 33910
3 33920
3 33930
3 33940
3 33950
3 33960
3 33970
3 33980
3 33990
3 34000
3 34010
3 34020
3 34030
3 34040
3 34050
3 34060
3 34070
3 34080
3 34090
3 34100
3 34110
3 34120
3 34130
3 34140
3 34150
3 34160
3 34170
3 34180
3 34190
3 34200
3 34210
3 34220
3 34230
3 34240
3 34250
3 34260
3 34270
3 34280
3 34290
3 34300
3 34310
3 34320
3 34330
3 34340
3 34350
3 34360
3 34370
3 34380
3 34390
3 34400
3 34410
3 34420
3 34430
3 34440
3 34450
3 34460
3 34470
3 34480
3 34490
3 34500
3 34510
3 34520
3 34530
3 34540
3 34550
3 34560
3 34570
3 34580
3 34590
3 34600
3 34610
3 34620
3 34630
3 34640
3 34650
3 34660
3 34670
3 34680
3 34690
3 34700
3 34710
3 34720
3 34730
3 34740
3 34750
3 34760
3 34770
3 34780
3 34790
3 34800
3 34810
3 34820
3 34830
3 34840
3 34850
3 34860
3 34870
3 34880
3 34890
3 34900
3 34910
3 34920
3 34930
3 34940
3 34950
3 34960
3 34970
3 34980
3 34990
3 35000
3 35010
3 35020
3 35030
3 35040
3 35050
3 35060
3 35070
3 35080
3 35090
3 35100
3 35110
3 35120
3 35130
3 35140
3 35150
3 35160
3 35170
3 35180
3 35190
3 35200
3 35210
3 35220
3 35230
3 35240
3 35250
3 35260
3 35270
3 35280
3 35290
3 35300
3 35310
3 35320
3 35330
3 35340
3 35350
3 35360
3 35370
3 35380
3 35390
3 35400
3 35410
3 35420
3 35430
3 35440
3 35450
3 35460
3 35470
3 35480
3 35490
3 35500
3 35510
3 35520
3 35530
3 35540
3 35550
3 35560
3 35570
3 35580
3 35590
3 35600
3 35610
3 35620
3 35630
3 35640
3 35650
3 35660
3 35670
3 35680
3 35690
3 35700
3 35710
3 35720
3 35730
3 35740
3 35750
3 35760
3 35770
3 35780
3 35790
3 35800
3 35810
3 35820
3 35830
3 35840
3 35850
3 35860
3 35870
3 35880
3 35890
3 35900
3 35910
3 35920
3 35930
3 35940
3 35950
3 35960
3 35970
3 35980
3 35990
3 36000
3 36010
3 36020
3 36030
3 36040
3 36050
3 36060
3 36070
3 36080
3 36090
3 36100
3 36110
3 36120
3 36130
3 36140
3 36150
3 36160
3 36170
3 36180
3 36190
3 36200
3 36210
3 36220
3 36230
3 36240
3 36250
3 36260
3 36270
3 36280
3 36290
3 36300
3 36310
3 36320
3 36330
3 36340
3 36350
3 36360
3 36370
3 36380
3 36390
3 36400
3 36410
3 36420
3 36430
3 36440
3 36450
3 36460
3 36470
3 36480
3 36490
3 36500
3 36510
3 36520
3 36530
3 36540
3 36550
3 36560
3 36570
3 36580
3 36590
3 36600
3 36610
3 36620
3 36630
3 36640
3 36650
3 36660
3 36670
3 36680
3 36690
3 36700
3 36710
3 36720
3 36730
3 36740
3 36750
3 36760
3 36770
3 36780
3 36790
3 36800
3 36810
3 36820
3 36830
3 36840
3 36850
3 36860
3 In signal handler
36870
3 36880
3 36890
3 36900
3 36910
3 36920
3 36930
3 36940
3 36950
3 36960
3 36970
3 36980
3 36990
3 37000
3 37010
3 37020
3 37030
3 37040
3 37050
3 37060
3 37070
3 37080
3 37090
3 37100
3 37110
3 37120
3 37130
3 37140
3 37150
3 37160
3 37170
3 37180
3 37190
3 37200
3 37210
3 37220
3 37230
3 37240
3 37250
3 37260
3 37270
3 37280
3 37290
3 37300
3 37310
3 37320
3 37330
3 37340
3 37350
3 37360
3 37370
3 37380
3 37390
3 37400
3 37410
3 37420
3 37430
3 37440
3 37450
3 37460
3 37470
3 37480
3 37490
3 37500
3 37510
3 37520
3 37530
3 37540
3 37550
3 37560
3 37570
3 37580
3 37590
3 37600
3 37610
3 37620
3 37630
3 37640
3 37650
3 37660
3 37670
3 37680
3 37690
3 37700
3 37710
3 37720
3 37730
3 37740
3 37750
3 37760
3 37770
3 37780
3 37790
3 37800
3 37810
3 37820
3 37830
3 37840
3 37850
3 37860
3 37870
3 37880
3 37890
3 37900
3 37910
3 37920
3 37930
3 37940
3 37950
3 37960
3 37970
3 37980
3 37990
3 38000
3 38010
3 38020
3 38030
3 38040
3 38050
3 38060
3 38070
3 38080
3 38090
3 38100
3 38110
3 38120
3 38130
3 38140
3 38150
3 38160
3 38170
3 38180
3 38190
3 38200
3 38210
3 38220
3 38230
3 38240
3 38250
3 38260
3 38270
3 38280
3 38290
3 38300
3 38310
3 38320
3 38330
3 38340
3 38350
3 38360
3 38370
3 38380
3 38390
3 38400
3 38410
3 38420
3 38430
3 38440
3 38450
3 38460
3 38470
3 38480
3 38490
3 38500
3 38510
3 38520
3 38530
3 38540
3 38550
3 38560
3 38570
3 38580
3 38590
3 38600
3 38610
3 38620
3 38630
3 38640
3 38650
3 38660
3 38670
3 38680
3 38690
3 38700
3 38710
3 38720
3 38730
3 38740
3 38750
3 38760
3 38770
3 38780
3 38790
3 38800
3 38810
3 38820
3 38830
3 38840
3 38850
3 38860
3 38870
3 38880
3 38890
3 38900
3 38910
3 38920
3 38930
3 38940
3 38950
3 38960
3 38970
3 38980
3 38990
3 39000
3 39010
3 39020
3 39030
3 39040
3 39050
3 39060
3 39070
3 39080
3 39090
3 39100
3 39110
3 39120
3 39130
3 39140
3 39150
3 39160
3 39170
3 39180
3 39190
3 39200
3 39210
3 39220
3 39230
3 39240
3 39250
3 39260
3 39270
3 39280
3 39290
3 39300
3 39310
3 39320
3 39330
3 39340
3 39350
3 39360
3 39370
3 39380
3 39390 34300
3 34310
3 34320
3 34330
3 34340
3 34350
3 34360
3 34370
3 34380
3 34390
3 34400
3 34410
3 34420
3 34430
3 34440
3 34450
3 34460
3 34470
3 34480
3 34490
3 34500
3 34510
3 34520
3 34530
3 34540
3 34550
3 34560
3 34570
3 34580
3 34590
3 34600
3 34610
3 34620
3 34630
3 34640
3 34650
3 34660
3 34670
3 34680
3 34690
3 34700
3 34710
3 34720
3 34730
3 34740
3 34750
3 34760
3 34770
3 34780
3 34790
3 34800
3 34810
3 34820
3 34830
3 34840
3 34850
3 34860
3 34870
3 34880
3 34890
3 34900
3 34910
3 34920
3 34930
3 34940
3 34950
3 34960
3 34970
3 34980
3 34990
3 35000
3 35010
3 35020
3 35030
3 35040
3 35050
3 35060
3 35070
3 35080
3 35090
3 35100
3 35110
3 35120
3 35130
3 35140
3 35150
3 35160
3 35170
3 35180
3 35190
3 35200
3 35210
3 35220
3 35230
3 35240
3 35250
3 35260
3 35270
3 35280
3 35290
3 35300
3 35310
3 35320
3 35330
3 35340
3 35350
3 35360
3 35370
3 35380
3 35390
3 35400
3 35410
3 35420
3 35430
3 35440
3 35450
3 35460
3 35470
3 35480
3 35490
3 35500
3 35510
3 35520
3 35530
3 35540
3 35550
3 35560
3 35570
3 35580
3 35590
3 35600
3 35610
3 35620
3 35630
3 35640
3 35650
3 35660
3 35670
3 35680
3 35690
3 35700
3 35710
3 35720
3 35730
3 35740
3 35750
3 35760
3 35770
3 35780
3 35790
3 35800
3 35810
3 35820
3 35830
3 35840
3 35850
3 35860
3 35870
3 35880
3 35890
3 35900
3 35910
3 35920
3 35930
3 35940
3 35950
3 35960
3 35970
3 35980
3 35990
3 36000
3 36010
3 36020
3 36030
3 36040
3 36050
3 36060
3 36070
3 36080
3 36090
3 36100
3 36110
3 36120
3 36130
3 36140
3 36150
3 36160
3 36170
3 36180
3 36190
3 36200
3 36210
3 36220
3 36230
3 36240
3 36250
3 36260
3 36270
3 36280
3 36290
3 36300
3 36310
3 36320
3 36330
3 36340
3 36350
3 36360
3 36370
3 36380
3 36390
3 36400
3 36410
3 36420
3 36430
3 36440
3 36450
3 36460
3 36470
3 36480
3 36490
3 36500
3 36510
3 36520
3 36530
3 36540
3 36550
3 36560
3 36570
3 36580
3 36590
3 36600
3 36610
3 36620
3 36630
3 36640
3 36650
3 36660
3 36670
3 36680
3 36690
3 36700
3 36710
3 36720
3 36730
3 36740
3 36750
3 36760
3 36770
3 36780
3 36790
3 36800
3 36810
3 36820
3 36830
3 36840
3 36850
3 36860
3 In signal handler
36870
3 36880
3 36890
3 36900
3 36910
3 36920
3 36930
3 36940
3 36950
3 36960
3 36970
3 36980
3 36990
3 37000
3 37010
3 37020
3 37030
3 37040
3 37050
3 37060
3 37070
3 37080
3 37090
3 37100
3 37110
3 37120
3 37130
3 37140
3 37150
3 37160
3 37170
3 37180
3 37190
3 37200
3 37210
3 37220
3 37230
3 37240
3 37250
3 37260
3 37270
3 37280
3 37290
3 37300
3 37310
3 37320
3 37330
3 37340
3 37350
3 37360
3 37370
3 37380
3 37390
3 37400
3 37410
3 37420
3 37430
3 37440
3 37450
3 37460
3 37470
3 37480
3 37490
3 37500
3 37510
3 37520
3 37530
3 37540
3 37550
3 37560
3 37570
3 37580
3 37590
3 37600
3 37610
3 37620
3 37630
3 37640
3 37650
3 37660
3 37670
3 37680
3 37690
3 37700
3 37710
3 37720
3 37730
3 37740
3 37750
3 37760
3 37770
3 37780
3 37790
3 37800
3 37810
3 37820
3 37830
3 37840
3 37850
3 37860
3 37870
3 37880
3 37890
3 37900
3 37910
3 37920
3 37930
3 37940
3 37950
3 37960
3 37970
3 37980
3 37990
3 38000
3 38010
3 38020
3 38030
3 38040
3 38050
3 38060
3 38070
3 38080
3 38090
3 38100
3 38110
3 38120
3 38130
3 38140
3 38150
3 38160
3 38170
3 38180
3 38190
3 38200
3 38210
3 38220
3 38230
3 38240
3 38250
3 38260
3 38270
3 38280
3 38290
3 38300
3 38310
3 38320
3 38330
3 38340
3 38350
3 38360
3 38370
3 38380
3 38390
3 38400
3 38410
3 38420
3 38430
3 38440
3 38450
3 38460
3 38470
3 38480
3 38490
3 38500
3 38510
3 38520
3 38530
3 38540
3 38550
3 38560
3 38570
3 38580
3 38590
3 38600
3 38610
3 38620
3 38630
3 38640
3 38650
3 38660
3 38670
3 38680
3 38690
3 38700
3 38710
3 38720
3 38730
3 38740
3 38750
3 38760
3 38770
3 38780
3 38790
3 38800
3 38810
3 38820
3 38830
3 38840
3 38850
3 38860
3 38870
3 38880
3 38890
3 38900
3 38910
3 38920
3 38930
3 38940
3 38950
3 38960
3 38970
3 38980
3 38990
3 39000
3 39010
3 39020
3 39030
3 39040
3 39050
3 39060
3 39070
3 39080
3 39090
3 39100
3 39110
3 39120
3 39130
3 39140
3 39150
3 39160
3 39170
3 39180
3 39190
3 39200
3 39210
3 39220
3 39230
3 39240
3 39250
3 39260
3 39270
3 39280
3 39290
3 39300
3 39310
3 39320
3 39330
3 39340
3 39350
3 39360
3 39370
3 39380
3 39390